5.833,30,174,41
B0,mixamorig_Hips,-1,0.9996325969696045,-0.015275716781616211,0.02239297330379486,0,0.020037928596138954,0.9727665781974792,-0.2309146672487259,0,-0.018255893141031265,0.2312786728143692,0.9727152585983276,0,-8.398780822753906,102.06172943115234,81.47864532470703,1
B1,mixamorig_Spine,0,0.9998648166656494,-0.00011633188114501536,0.016407445073127747,0,-0.0027850375045090914,0.9842433333396912,0.17678974568843842,0,-0.016167452558875084,-0.1768106371164322,0.9841102957725525,0,0,17.628299713134766,-0.6212999820709229,1
B2,mixamorig_Spine1,1,0.9999963045120239,0.0005898458184674382,0.0026617448311299086,0,-0.0006068458314985037,0.9999794363975525,0.006336159072816372,0,-0.0026581312995404005,-0.0063374657183885574,0.9999764561653137,0,0,20.579200744628906,0,1
B3,mixamorig_Spine2,2,0.9999963045120239,0.0006463911267928779,0.0026469039730727673,0,-0.0006626979447901249,0.9999794363975525,0.006337158847600222,0,-0.0026429833378642797,-0.0063384659588336945,0.9999764561653137,0,0,23.518999099731445,0,1
B4,mixamorig_Neck,3,0.9997673034667969,0.017560379579663277,-0.012513909488916397,0,-0.015205394476652145,0.9856401085853577,0.16816169023513794,0,0.01528836041688919,-0.16793227195739746,0.9856775999069214,0,0,26.458900451660156,0,1
B5,mixamorig_Head,4,0.9987353086471558,0.031766053289175034,-0.03891615942120552,0,-0.0360933393239975,0.9925397038459778,-0.11633536219596863,0,0.034935224801301956,0.11759491264820099,0.9924318790435791,0,0,15.508999824523926,1.8286999464035034,1
B6,mixamorig_HeadTop_End,5,1,0,0,0,0,1,0,0,0,0,1,0,0,49.277000427246094,5.810400009155273,1
B7,mixamorig_LeftShoulder,3,-0.0220872201025486,0.010659557767212391,-0.9996987581253052,0,0.8653130531311035,-0.500634491443634,-0.02445683442056179,0,-0.5007451176643372,-0.8655930161476135,0.001833984861150384,0,8.985099792480469,22.393600463867188,-0.1712000072002411,1
B8,mixamorig_LeftArm,7,0.9087432026863098,0.3968251943588257,-0.12925375998020172,0,-0.16895505785942078,0.6329901814460754,0.7554931044578552,0,0.3816165626049042,-0.6647148132324219,0.6422784924507141,0,0,19.728599548339844,0,1
B9,mixamorig_LeftForeArm,8,0.4219297766685486,0.906373918056488,0.021426565945148468,0,-0.9064089059829712,0.4211919903755188,0.03189520537853241,0,0.019884338602423668,-0.032878898084163666,0.9992615580558777,0,0,44.092899322509766,0,1
B10,mixamorig_LeftHand,9,0.3886374235153198,-0.07238178700208664,-0.9185428023338318,0,-0.349151074886322,0.9109925627708435,-0.2195136398077011,0,0.8526750206947327,0.40602099895477295,0.3287734389305115,0,0,48.932098388671875,0,1
B11,mixamorig_LeftHandThumb1,10,0.8933680057525635,0.43696829676628113,-0.10465499758720398,0,-0.3986772894859314,0.8782936930656433,0.2639249861240387,0,0.20724500715732574,-0.19405899941921234,0.9588490128517151,0,-5.694900035858154,4.453400135040283,0,1
B12,mixamorig_LeftHandThumb2,11,0.9555060267448425,-0.29419100284576416,-0.02144400030374527,0,0.2947709858417511,0.9496449828147888,0.1062316969037056,0,-0.010888000018894672,-0.10782600194215775,0.9941099882125854,0,-0.4966000020503998,5.762199878692627,0,1
B13,mixamorig_LeftHandThumb3,12,0.9780899882316589,0.2071170061826706,0.021037999540567398,0,-0.20798000693321228,0.9765920042991638,0.05488099902868271,0,-0.009178999811410904,-0.05805400013923645,0.9982709884643555,0,-1.62909996509552,8.78339958190918,0,1
B14,mixamorig_LeftHandThumb4,13,1,0,0,0,0,1,0,0,0,0,1,0,2.1256000995635986,7.931700229644775,0,1
B15,mixamorig_LeftHandIndex1,10,0.9993730187416077,0.0333000011742115,0.012024999596178532,0,-0.034687306731939316,0.9889349937438965,0.1442369967699051,0,-0.007089000195264816,-0.14456400275230408,0.9894700050354004,0,0,7.103700160980225,0.20679999887943268,1
B16,mixamorig_LeftHandIndex2,15,0.9999549984931946,-0.00924300029873848,-0.002113000024110079,0,0.009378000162541866,0.9313459992408752,0.36401399970054626,0,-0.0013970000436529517,-0.3640179932117462,0.9313910007476807,0,0.2563999891281128,12.015800476074219,0,1
B17,mixamorig_LeftHandIndex3,16,0.9990720152854919,0.043033305555582047,-0.0015820000553503633,0,-0.042561307549476624,0.9923689961433411,0.11572600156068802,0,0.006550000049173832,-0.11555100232362747,0.9932799935340881,0,-0.26829999685287476,9.354599952697754,0,1
B18,mixamorig_LeftHandIndex4,17,1,0,0,0,0,1,0,0,0,0,1,0,0.011800000444054604,6.6996002197265625,0,1
B19,mixamorig_RightShoulder,3,0.03382812812924385,-0.012679830193519592,0.999347448348999,0,-0.8345213532447815,-0.5505657196044922,0.02126310206949711,0,0.5499359965324402,-0.8346956968307495,-0.02920624613761902,0,-8.985099792480469,22.391700744628906,-0.11540000140666962,1
B20,mixamorig_RightArm,19,0.943889319896698,-0.2528904974460602,0.2123599648475647,0,0.06033671274781227,0.7643131613731384,0.6419993042945862,0,-0.32467517256736755,-0.5931702852249146,0.7367034554481506,0,0,19.728599548339844,0,1
B21,mixamorig_RightForeArm,20,0.1784949004650116,-0.9834778308868408,-0.028422387316823006,0,0.9835155010223389,0.17755724489688873,0.03267218917608261,0,-0.027089716866612434,-0.03378596529364586,0.9990617036819458,0,0,44.090999603271484,0,1
B22,mixamorig_RightHand,21,0.5139445662498474,0.06719870865345001,0.8551863431930542,0,0.28963860869407654,0.9247870445251465,-0.24673277139663696,0,-0.8074465990066528,0.3745015561580658,0.4558260142803192,0,0,48.967098236083984,0,1
B23,mixamorig_RightHandThumb1,22,0.9078267216682434,-0.405169814825058,0.10805702209472656,0,0.36488690972328186,0.8902547359466553,0.2725546658039093,0,-0.2066391557455063,-0.20800355076789856,0.9560478925704956,0,5.2565999031066895,4.92609977722168,0,1
B24,mixamorig_RightHandThumb2,23,0.9606639742851257,0.2776884138584137,-0.0015668313717469573,0,-0.277267187833786,0.959484875202179,0.04993254318833351,0,0.015360791236162186,-0.047535240650177,0.9987484812736511,0,0.47440001368522644,5.74370002746582,0,1
B25,mixamorig_RightHandThumb3,24,0.9112240076065063,-0.41186052560806274,0.005511832889169455,0,0.411447674036026,0.9095155596733093,-0.05895179510116577,0,0.019258728250861168,0.05598796531558037,0.9982420206069946,0,1.5963000059127808,8.556099891662598,0,1
B26,mixamorig_RightHandThumb4,25,1,0,0,0,0,1,0,0,0,0,1,0,-2.07069993019104,7.6097002029418945,0,1
B27,mixamorig_RightHandIndex1,22,0.999762773513794,-0.021643217653036118,0.0024540433660149574,0,0.02106100134551525,0.989257276058197,0.14463184773921967,0,-0.005557750351727009,-0.14454583823680878,0.9894784688949585,0,0,6.166900157928467,0.13590000569820404,1
B28,mixamorig_RightHandIndex2,27,0.9995494484901428,0.029950827360153198,0.0018900807481259108,0,-0.02995913289487362,0.9921846985816956,0.12108699232339859,0,0.0017509217141196132,-0.12108930200338364,0.9926352500915527,0,-0.21469999849796295,12.213299751281738,0,1
B29,mixamorig_RightHandIndex3,28,0.9998943209648132,-0.014454963617026806,0.0016735453391447663,0,0.014041487127542496,0.9886190295219421,0.14977312088012695,0,-0.0038195329252630472,-0.14973443746566772,0.9887174367904663,0,0.1623000055551529,9.774499893188477,0,1
B30,mixamorig_RightHandIndex4,29,1,0,0,0,0,1,0,0,0,0,1,0,0.052400000393390656,7.035299777984619,0,1
B31,mixamorig_LeftUpLeg,0,-0.9965214133262634,-0.06914562731981277,0.04651984944939613,0,0.07419416308403015,-0.4818978011608124,0.8730798959732056,0,-0.03795144334435463,0.8734939694404602,0.4853515326976776,0,15.941800117492676,-9.799699783325195,-0.26739999651908875,1
B32,mixamorig_LeftLeg,31,0.997738778591156,0.06665986776351929,0.008609798736870289,0,0.013056432828307152,-0.06654755771160126,-0.9976977109909058,0,-0.0659339427947998,0.9955540299415588,-0.06726710498332977,0,0,71.62689971923828,0,1
B33,mixamorig_LeftFoot,32,0.9804476499557495,-0.01796860247850418,0.1959579586982727,0,-0.18103991448879242,0.3078848719596863,0.9340405464172363,0,-0.07711624354124069,-0.951253354549408,0.29861271381378174,0,0,54.548500061035156,0,1
B34,mixamorig_LeftToeBase,33,0.9951909780502319,0,0.09795299917459488,0,-0.055959999561309814,0.820743978023529,0.5685480237007141,0,-0.08039399981498718,-0.5712953209877014,0.81679767370224,0,0,33.84659957885742,0,1
B35,mixamorig_LeftToe_End,34,1,0,0,0,0,1,0,0,0,0,1,0,0,12.724900245666504,0,1
B36,mixamorig_RightUpLeg,0,-0.9946429133415222,-0.031495146453380585,-0.09845852106809616,0,-0.07040391862392426,-0.4910183250904083,0.8682990074157715,0,-0.07569241523742676,0.870579183101654,0.48617023229599,0,-15.941800117492676,-9.799699783325195,-0.705299973487854,1
B37,mixamorig_RightLeg,36,0.9859659671783447,-0.14043574035167694,-0.09027048200368881,0,-0.0966532751917839,-0.03929689899086952,-0.9945418834686279,0,0.1361217200756073,0.9893099665641785,-0.052319396287202835,0,0,71.59709930419922,0,1
B38,mixamorig_RightFoot,37,0.9308142066001892,-0.061329398304224014,-0.36030998826026917,0,0.3625439703464508,0.27990084886550903,0.8889417052268982,0,0.0463324673473835,-0.9580681324005127,0.2827705144882202,0,0,54.51089859008789,0,1
B39,mixamorig_RightToeBase,38,0.9949185848236084,0.004475955385714769,-0.10058385878801346,0,0.056536965072155,0.8018046021461487,0.59490567445755,0,0.08331139385700226,-0.5975692868232727,0.7974775433540344,0,0,33.96849822998047,0,1
B40,mixamorig_RightToe_End,39,1,0,0,0,0,1,0,0,0,0,1,0,0,12.887100219726562,0,1
@34,0,1,2,3,4,5,7,8,9,10,11,12,13,15,16,17,19,20,21,22,23,24,25,27,28,29,31,32,33,34,36,37,38,39
K0.000,0.9992129802703857,-0.029791999608278275,0.026196999475359917,0,0.03451500087976456,0.9784010052680969,-0.20381200313568115,0,-0.019558999687433243,0.20455600321292877,0.978659987449646,0,-8.205743789672852,102.0664291381836,81.857666015625,1,0.9997599720954895,0.002251999918371439,0.021781999617815018,0,-0.006818000227212906,0.9772650003433228,0.21190999448299408,0,-0.020809000357985497,-0.21200799942016602,0.977046012878418,0,0,17.628299713134766,-0.6212999820709229,1,0.9999849796295166,0.003978999797254801,0.0037789999041706324,0,-0.004021000117063522,0.9999300241470337,0.011091000400483608,0,-0.0037350000347942114,-0.011106000281870365,0.9999309778213501,0,0,20.579200744628906,0,1,0.9999849796295166,0.004062000196427107,0.0036700000055134296,0,-0.004102999810129404,0.9999300241470337,0.011099999770522118,0,-0.0036249998956918716,-0.011114999651908875,0.9999319911003113,0,0,23.518999099731445,0,1,0.9999200105667114,0.012575999833643436,0.0015640000347048044,0,-0.012672999873757362,0.9923949837684631,0.12243899703025818,0,-0.000012000000424450263,-0.12244900315999985,0.9924749732017517,0,0,26.458900451660156,0,1,0.9997209906578064,0.02268199995160103,-0.006515999790281057,0,-0.02358900010585785,0.9685350060462952,-0.24775700271129608,0,0.0006910000229254365,0.2478410005569458,0.9688000082969666,0,0,15.508999824523926,1.8286999464035034,1,-0.021223999559879303,0.011057999916374683,-0.9997140169143677,0,0.8617579936981201,-0.5067570209503174,-0.023900000378489494,0,-0.5068759918212891,-0.8620179891586304,0.0012260000221431255,0,8.985099792480469,22.393600463867188,-0.1712000072002411,1,0.9256290197372437,0.3516930043697357,-0.13972799479961395,0,-0.13098900020122528,0.6441559791564941,0.7535949945449829,0,0.3550400137901306,-0.6792460083961487,0.642316997051239,0,0,19.728599548339844,0,1,0.30687201023101807,0.9514099955558777,0.025474999099969864,0,-0.9514470100402832,0.30598801374435425,0.033479999750852585,0,0.02405799925327301,-0.03451300039887428,0.999114990234375,0,0,44.092899322509766,0,1,0.3427619934082031,-0.09269200265407562,-0.9348379969596863,0,-0.3353700041770935,0.9174739718437195,-0.2139350026845932,0,0.8775200247764587,0.38684600591659546,0.28338900208473206,0,0,48.932098388671875,0,1,0.8933680057525635,0.43696901202201843,-0.10465499758720398,0,-0.3986780047416687,0.8782939910888672,0.2639259994029999,0,0.20724500715732574,-0.19405899941921234,0.9588490128517151,0,-5.694900035858154,4.453400135040283,0,1,0.9555060267448425,-0.29419198632240295,-0.02144400030374527,0,0.2947709858417511,0.9496449828147888,0.10623099654912949,0,-0.010888000018894672,-0.10782600194215775,0.9941099882125854,0,-0.4966000020503998,5.762199878692627,0,1,0.9780899882316589,0.2071170061826706,0.021037999540567398,0,-0.20798000693321228,0.9765920042991638,0.05488099902868271,0,-0.009178999811410904,-0.05805400013923645,0.9982709884643555,0,-1.62909996509552,8.78339958190918,0,1,0.9993730187416077,0.0333000011742115,0.012024999596178532,0,-0.03468700125813484,0.9889349937438965,0.1442369967699051,0,-0.007089000195264816,-0.14456400275230408,0.9894700050354004,0,0,7.103700160980225,0.20679999887943268,1,0.9999549984931946,-0.00924300029873848,-0.002113000024110079,0,0.009378000162541866,0.9313459992408752,0.36401399970054626,0,-0.0013970000436529517,-0.3640179932117462,0.9313910007476807,0,0.2563999891281128,12.015800476074219,0,1,0.9990720152854919,0.04303300008177757,-0.0015820000553503633,0,-0.04256099835038185,0.9923689961433411,0.11572500318288803,0,0.006550000049173832,-0.11555100232362747,0.9932799935340881,0,-0.26829999685287476,9.354599952697754,0,1,0.030146999284625053,-0.012388000264763832,0.999468982219696,0,-0.8414210081100464,-0.5400570034980774,0.018686000257730484,0,0.5395389795303345,-0.8415369987487793,-0.026705000549554825,0,-8.985099792480469,22.391700744628906,-0.11540000140666962,1,0.9287999868392944,-0.30843299627304077,0.20542599260807037,0,0.09601400047540665,0.7356910109519958,0.6704769730567932,0,-0.35792699456214905,-0.6030150055885315,0.7129240036010742,0,0,19.728599548339844,0,1,0.21112500131130219,-0.9770770072937012,-0.02733900025486946,0,0.9771140217781067,0.21022500097751617,0.03246000036597252,0,-0.025968000292778015,-0.03356600180268288,0.9990990161895752,0,0,44.090999603271484,0,1,0.43268799781799316,0.13478399813175201,0.8914110064506531,0,0.2673870027065277,0.9250860214233398,-0.269665002822876,0,-0.8609790205955505,0.3550330102443695,0.36423400044441223,0,0,48.967098236083984,0,1,0.9008139967918396,-0.42254701256752014,0.09994400292634964,0,0.37999001145362854,0.8785459995269775,0.28942200541496277,0,-0.210099995136261,-0.22273699939250946,0.9519699811935425,0,5.2565999031066895,4.92609977722168,0,1,0.9660969972610474,0.25818100571632385,0.0001340000017080456,0,-0.2576349973678589,0.9640210270881653,0.06548800319433212,0,0.016777999699115753,-0.06330200284719467,0.9978529810905457,0,0.47440001368522644,5.74370002746582,0,1,0.9027479887008667,-0.4301680028438568,0.0015460000140592456,0,0.4298200011253357,0.9018599987030029,-0.04362000152468681,0,0.01737000048160553,0.040043000131845474,0.9990469813346863,0,1.5963000059127808,8.556099891662598,0,1,0.9997519850730896,-0.022153999656438828,0.0020779999904334545,0,0.021530000492930412,0.9867050051689148,0.16109099984169006,0,-0.005619999952614307,-0.16100600361824036,0.9869369864463806,0,0,6.166900157928467,0.13590000569820404,1,0.9995689988136292,0.029298000037670135,0.002111000008881092,0,-0.029306000098586082,0.9898300170898438,0.13920700550079346,0,0.0019890000112354755,-0.13920900225639343,0.9902610182762146,0,-0.21469999849796295,12.213299751281738,0,1,0.9998999834060669,-0.014076000079512596,0.00164899998344481,0,0.01370999962091446,0.9901670217514038,0.13921399414539337,0,-0.0035920001100748777,-0.13917699456214905,0.9902610182762146,0,0.1623000055551529,9.774499893188477,0,1,-0.994763970375061,-0.0742650032043457,0.07021299749612808,0,0.09638000279664993,-0.4531309902667999,0.8862180113792419,0,-0.0339989997446537,0.8883450031280518,0.4579159915447235,0,15.941800117492676,-9.799699783325195,-0.26739999651908875,1,0.9987660050392151,0.04840699955821037,0.011075999587774277,0,0.014632999897003174,-0.07374899834394455,-0.997169017791748,0,-0.04745300114154816,0.9961010217666626,-0.0743660032749176,0,0,71.62689971923828,0,1,0.9798319935798645,0.00033999999868683517,0.19982199370861053,0,-0.19077999889850616,0.2990089952945709,0.9349849820137024,0,-0.05943100154399872,-0.9542499780654907,0.29304400086402893,0,0,54.548500061035156,0,1,0.9951909780502319,0,0.09795299917459488,0,-0.055959999561309814,0.820743978023529,0.5685489773750305,0,-0.08039399981498718,-0.571295976638794,0.8167970180511475,0,0,33.84659957885742,0,1,-0.99372798204422,-0.04580400139093399,-0.10201200097799301,0,-0.06854499876499176,-0.47126901149749756,0.8793219923973083,0,-0.08835200220346451,0.8807989954948425,0.46517398953437805,0,-15.941800117492676,-9.799699783325195,-0.705299973487854,1,0.985198974609375,-0.14054599404335022,-0.09813199937343597,0,-0.1041560024023056,-0.03614899888634682,-0.9939039945602417,0,0.13614100217819214,0.9894139766693115,-0.050252001732587814,0,0,71.59709930419922,0,1,0.9319869875907898,-0.06728799641132355,-0.35619300603866577,0,0.3604249954223633,0.27681899070739746,0.890766978263855,0,0.038662999868392944,-0.9585630297660828,0.2822439968585968,0,0,54.51089859008789,0,1,0.9949489831924438,0.004286999814212322,-0.10029499977827072,0,0.0563960000872612,0.8026559948921204,0.5937709808349609,0,0.08304800093173981,-0.5964270234107971,0.7983589768409729,0,0,33.96849822998047,0,1
K0.033,0.9992139935493469,-0.02965500019490719,0.02629699930548668,0,0.03438499942421913,0.9785810112953186,-0.20297197997570038,0,-0.019714999943971634,0.203715980052948,0.9788309931755066,0,-8.2058687210083,102.0685806274414,81.86532592773438,1,0.9997550249099731,0.002005999209359288,0.022056005895137787,0,-0.006630999967455864,0.9773120284080505,0.21170298755168915,0,-0.021131005138158798,-0.21179698407649994,0.9770849943161011,0,0,17.628299713134766,-0.6212999820709229,1,0.9999849796295166,0.003960000351071358,0.003821000689640641,0,-0.004002000670880079,0.9999319911003113,0.010969996452331543,0,-0.0037770008202642202,-0.0109849963337183,0.9999330043792725,0,0,20.579200744628906,0,1,0.9999849796295166,0.0040440005250275135,0.0037120007909834385,0,-0.004085000604391098,0.9999309778213501,0.010978995822370052,0,-0.003668000688776374,-0.010993996635079384,0.9999330043792725,0,0,23.518999099731445,0,1,0.9999169707298279,0.012788998894393444,0.0017530012410134077,0,-0.012907998636364937,0.9923679828643799,0.1226309984922409,0,-0.0001720013387966901,-0.12264300137758255,0.992451012134552,0,0,26.458900451660156,0,1,0.9997249841690063,0.02268400229513645,-0.005929992068558931,0,-0.02344599924981594,0.9686570167541504,-0.24729397892951965,0,0.00013499219494406134,0.24736498296260834,0.9689220190048218,0,0,15.508999824523926,1.8286999464035034,1,-0.02126399613916874,0.011062000878155231,-0.9997130036354065,0,0.8617259860038757,-0.5068089962005615,-0.02393699623644352,0,-0.506928026676178,-0.8619880080223083,0.0012439978308975697,0,8.985099792480469,22.393600463867188,-0.1712000072002411,1,0.925940990447998,0.35061296820640564,-0.14037302136421204,0,-0.12984198331832886,0.644556999206543,0.7534499764442444,0,0.35464799404144287,-0.679423987865448,0.6423460245132446,0,0,19.728599548339844,0,1,0.3053099811077118,0.9519109725952148,0.025529999285936356,0,-0.9519479870796204,0.3044239580631256,0.03349800035357475,0,0.024114999920129776,-0.03453100100159645,0.9991130232810974,0,0,44.092899322509766,0,1,0.34241101145744324,-0.09296200424432755,-0.934939980506897,0,-0.33525800704956055,0.9174969792366028,-0.2140119969844818,0,0.8776999711990356,0.3867259919643402,0.28299498558044434,0,0,48.932098388671875,0,1,0.8933680057525635,0.43696901202201843,-0.10465499758720398,0,-0.3986780047416687,0.878292977809906,0.2639249861240387,0,0.20724500715732574,-0.19405899941921234,0.9588490128517151,0,-5.694900035858154,4.453400135040283,0,1,0.9555060267448425,-0.29419100284576416,-0.02144400030374527,0,0.2947709858417511,0.9496449828147888,0.10623099654912949,0,-0.010888000018894672,-0.10782600194215775,0.9941099882125854,0,-0.4966000020503998,5.762199878692627,0,1,0.9780899882316589,0.2071159929037094,0.021038999781012535,0,-0.20798000693321228,0.9765920042991638,0.05488099902868271,0,-0.009178999811410904,-0.05805400013923645,0.9982709884643555,0,-1.62909996509552,8.78339958190918,0,1,0.9993730187416077,0.0333000011742115,0.012025999836623669,0,-0.03468799963593483,0.9889349937438965,0.1442369967699051,0,-0.007089000195264816,-0.14456400275230408,0.9894700050354004,0,0,7.103700160980225,0.20679999887943268,1,0.9999549984931946,-0.00924300029873848,-0.002113000024110079,0,0.009378000162541866,0.9313459992408752,0.36401399970054626,0,-0.0013970000436529517,-0.3640179932117462,0.9313910007476807,0,0.2563999891281128,12.015800476074219,0,1,0.9990720152854919,0.04303399845957756,-0.0015820000553503633,0,-0.04256200045347214,0.9923689961433411,0.11572500318288803,0,0.006550000049173832,-0.11555100232362747,0.9932799935340881,0,-0.26829999685287476,9.354599952697754,0,1,0.029710987582802773,-0.012397999875247478,0.9994819760322571,0,-0.841094970703125,-0.5405780076980591,0.018296988680958748,0,0.5400710105895996,-0.841202974319458,-0.02648899331688881,0,-8.985099792480469,22.391700744628906,-0.11540000140666962,1,0.9282389879226685,-0.30892398953437805,0.20721803605556488,0,0.09542898833751678,0.7361779808998108,0.6700270175933838,0,-0.3595370352268219,-0.6021699905395508,0.7128289937973022,0,0,19.728599548339844,0,1,0.21185500919818878,-0.9769189953804016,-0.02731500007212162,0,0.9769570231437683,0.21095602214336395,0.03245500102639198,0,-0.025942999869585037,-0.03356099873781204,0.9991000294685364,0,0,44.090999603271484,0,1,0.4414210915565491,0.1411130577325821,0.886134922504425,0,0.27173903584480286,0.9201589226722717,-0.28189510107040405,0,-0.8551639318466187,0.36523109674453735,0.3678310215473175,0,0,48.967098236083984,0,1,0.9008039832115173,-0.42255899310112,0.09998500347137451,0,0.3800089955329895,0.8785619735717773,0.2893489897251129,0,-0.21010999381542206,-0.22265200316905975,0.9519870281219482,0,5.2565999031066895,4.92609977722168,0,1,0.9661279916763306,0.25806400179862976,0.0001269998465431854,0,-0.2575179934501648,0.9640489816665649,0.06552500277757645,0,0.016787000000476837,-0.06333799660205841,0.9978510141372681,0,0.47440001368522644,5.74370002746582,0,1,0.9026950001716614,-0.4302780032157898,0.0015309996670112014,0,0.4299289882183075,0.9018099904060364,-0.04358699917793274,0,0.01737399958074093,0.040004000067710876,0.9990479946136475,0,1.5963000059127808,8.556099891662598,0,1,0.9997569918632507,-0.0219310000538826,0.0021199998445808887,0,0.02130500040948391,0.9867540001869202,0.16081899404525757,0,-0.005619000177830458,-0.16073499619960785,0.986981987953186,0,0,6.166900157928467,0.13590000569820404,1,0.999567985534668,0.029309000819921494,0.0021069999784231186,0,-0.02931700088083744,0.9898719787597656,0.1388999968767166,0,0.001984999980777502,-0.1389019936323166,0.9903039932250977,0,-0.21469999849796295,12.213299751281738,0,1,0.9998999834060669,-0.014066999778151512,0.0016479999758303165,0,0.01370100025087595,0.9902049899101257,0.13895100355148315,0,-0.003587000072002411,-0.13891400396823883,0.9902979731559753,0,0.1623000055551529,9.774499893188477,0,1,-0.9948009848594666,-0.07418100535869598,0.06976798176765442,0,0.09591899067163467,-0.4524480104446411,0.8866170048713684,0,-0.03420400992035866,0.888700008392334,0.4572109878063202,0,15.941800117492676,-9.799699783325195,-0.26739999651908875,1,0.9986670017242432,0.050421006977558136,0.011077995412051678,0,0.014783996157348156,-0.07373099774122238,-0.997169017791748,0,-0.049462009221315384,0.9960029721260071,-0.07437799870967865,0,0,71.62689971923828,0,1,0.9798619747161865,-0.0003800144186243415,0.19967800378799438,0,-0.190420001745224,0.2991830110549927,0.9350029826164246,0,-0.060095012187957764,-0.9541959762573242,0.2930850088596344,0,0,54.548500061035156,0,1,0.9951909780502319,0,0.09795299917459488,0,-0.055959999561309814,0.8207449913024902,0.5685480237007141,0,-0.08039399981498718,-0.5712950229644775,0.8167979717254639,0,0,33.84659957885742,0,1,-0.9937220215797424,-0.0458730049431324,-0.1020440012216568,0,-0.06861899793148041,-0.4704970121383667,0.8797299861907959,0,-0.08836700022220612,0.8812090158462524,0.4643949866294861,0,-15.941800117492676,-9.799699783325195,-0.705299973487854,1,0.9852030277252197,-0.14053399860858917,-0.09811200201511383,0,-0.10413400083780289,-0.036142002791166306,-0.9939060211181641,0,0.13613200187683105,0.9894160032272339,-0.050241004675626755,0,0,71.59709930419922,0,1,0.9320129752159119,-0.06744000315666199,-0.3560959994792938,0,0.3603770136833191,0.27677199244499207,0.8907999992370605,0,0.038481999188661575,-0.9585660099983215,0.2822589874267578,0,0,54.51089859008789,0,1,0.9949470162391663,0.0042940001003444195,-0.10030599683523178,0,0.056400999426841736,0.8026229739189148,0.5938140153884888,0,0.08305799961090088,-0.5964710116386414,0.7983260154724121,0,0,33.96849822998047,0,1
K0.067,0.9992120265960693,-0.029725000262260437,0.026301000267267227,0,0.03443099930882454,0.9788069725036621,-0.20186801254749298,0,-0.019742999225854874,0.20261500775814056,0.9790599942207336,0,-8.206732749938965,102.06775665283203,81.89482116699219,1,0.9997439980506897,0.00192500080447644,0.02256399393081665,0,-0.0066269999369978905,0.9776269793510437,0.21024201810359955,0,-0.021653994917869568,-0.21033801138401031,0.9773889780044556,0,0,17.628299713134766,-0.6212999820709229,1,0.9999840259552002,0.003983999602496624,0.0039019992109388113,0,-0.004025999456644058,0.9999359846115112,0.010614003986120224,0,-0.00385899911634624,-0.010629003867506981,0.9999359846115112,0,0,20.579200744628906,0,1,0.9999849796295166,0.004070999566465616,0.0037929993122816086,0,-0.004110999405384064,0.99993497133255,0.010623003356158733,0,-0.003748999210074544,-0.010639003477990627,0.9999359846115112,0,0,23.518999099731445,0,1,0.9999179840087891,0.012692000716924667,0.0018779987003654242,0,-0.012826001271605492,0.9923549890518188,0.12274499982595444,0,-0.0003059986629523337,-0.12275899946689606,0.9924359917640686,0,0,26.458900451660156,0,1,0.9997230172157288,0.022954998537898064,-0.005153007805347443,0,-0.023517999798059464,0.9690840244293213,-0.24560602009296417,0,-0.0006439922726713121,0.2456590086221695,0.9693560004234314,0,0,15.508999824523926,1.8286999464035034,1,-0.020882003009319305,0.011117999441921711,-0.9997199773788452,0,0.8613319993019104,-0.5074930191040039,-0.023635003715753555,0,-0.507614016532898,-0.8615840077400208,0.0010210021864622831,0,8.985099792480469,22.393600463867188,-0.1712000072002411,1,0.9263920187950134,0.34875601530075073,-0.14201198518276215,0,-0.12769201397895813,0.6457300186157227,0.7528129816055298,0,0.3542490005493164,-0.6792659759521484,0.6427320241928101,0,0,19.728599548339844,0,1,0.30380702018737793,0.9523900151252747,0.02558399923145771,0,-0.9524270296096802,0.30291903018951416,0.033514998853206635,0,0.02416899986565113,-0.03454900160431862,0.999110996723175,0,0,44.092899322509766,0,1,0.34245800971984863,-0.09350799024105072,-0.9348679780960083,0,-0.334757000207901,0.9175879955291748,-0.21440699696540833,0,0.8778719902038574,0.3863790035247803,0.28293299674987793,0,0,48.932098388671875,0,1,0.8933680057525635,0.43696799874305725,-0.10465499758720398,0,-0.3986769914627075,0.8782939910888672,0.2639249861240387,0,0.20724500715732574,-0.19405899941921234,0.9588490128517151,0,-5.694900035858154,4.453400135040283,0,1,0.9555060267448425,-0.29419100284576416,-0.02144400030374527,0,0.2947709858417511,0.9496449828147888,0.10623099654912949,0,-0.010888000018894672,-0.10782600194215775,0.9941099882125854,0,-0.4966000020503998,5.762199878692627,0,1,0.9780899882316589,0.2071170061826706,0.021037999540567398,0,-0.20798000693321228,0.9765920042991638,0.05488099902868271,0,-0.009178999811410904,-0.05805400013923645,0.9982709884643555,0,-1.62909996509552,8.78339958190918,0,1,0.9993730187416077,0.0333000011742115,0.012025999836623669,0,-0.03468799963593483,0.9889349937438965,0.1442369967699051,0,-0.007089000195264816,-0.14456400275230408,0.9894700050354004,0,0,7.103700160980225,0.20679999887943268,1,0.9999549984931946,-0.00924300029873848,-0.002113000024110079,0,0.009378000162541866,0.9313459992408752,0.36401399970054626,0,-0.0013970000436529517,-0.3640170097351074,0.9313910007476807,0,0.2563999891281128,12.015800476074219,0,1,0.9990720152854919,0.04303399845957756,-0.0015820000553503633,0,-0.04256200045347214,0.9923689961433411,0.11572500318288803,0,0.006550000049173832,-0.11555100232362747,0.9932799935340881,0,-0.26829999685287476,9.354599952697754,0,1,0.028466012328863144,-0.012387000024318695,0.9995179772377014,0,-0.8412650227546692,-0.5403469800949097,0.017262011766433716,0,0.5398719906806946,-0.8413509726524353,-0.025802006945014,0,-8.985099792480469,22.391700744628906,-0.11540000140666962,1,0.9274060130119324,-0.3094150125980377,0.2101929634809494,0,0.0935940146446228,0.7360010147094727,0.6704789996147156,0,-0.3621579706668854,-0.6021329760551453,0.7115309834480286,0,0,19.728599548339844,0,1,0.21263398230075836,-0.9767510294914246,-0.027288999408483505,0,0.9767879843711853,0.21173597872257233,0.03244899958372116,0,-0.025916999205946922,-0.033555999398231506,0.9991009831428528,0,0,44.090999603271484,0,1,0.4490059018135071,0.14664094150066376,0.8814130425453186,0,0.27419397234916687,0.9162360429763794,-0.29211291670799255,0,-0.8504180312156677,0.37283891439437866,0.3711879849433899,0,0,48.967098236083984,0,1,0.9007840156555176,-0.4225800037384033,0.10006900131702423,0,0.38004299998283386,0.8785949945449829,0.2892020046710968,0,-0.21013100445270538,-0.2224780023097992,0.9520230293273926,0,5.2565999031066895,4.92609977722168,0,1,0.9661909937858582,0.2578290104866028,0.00011100016126874834,0,-0.25728100538253784,0.9641069769859314,0.06560099869966507,0,0.01680699922144413,-0.06341099739074707,0.9978460073471069,0,0.47440001368522644,5.74370002746582,0,1,0.9025899767875671,-0.43049898743629456,0.0014990003546699882,0,0.43015098571777344,0.9017069935798645,-0.043519001454114914,0,0.017382999882102013,0.03992500156164169,0.9990509748458862,0,1.5963000059127808,8.556099891662598,0,1,0.9997559785842896,-0.021997999399900436,0.002106000203639269,0,0.021371999755501747,0.9867240190505981,0.16099199652671814,0,-0.005619000177830458,-0.16090700030326843,0.9869539737701416,0,0,6.166900157928467,0.13590000569820404,1,0.999567985534668,0.02930299937725067,0.0021089999936521053,0,-0.02931099943816662,0.9898480176925659,0.13907299935817719,0,0.001988000003620982,-0.13907499611377716,0.9902799725532532,0,-0.21469999849796295,12.213299751281738,0,1,0.9998999834060669,-0.014070999808609486,0.00164899998344481,0,0.013705000281333923,0.9901869893074036,0.13907800614833832,0,-0.003590000094845891,-0.139041006565094,0.9902799725532532,0,0.1623000055551529,9.774499893188477,0,1,-0.9948559999465942,-0.07471999526023865,0.06839601695537567,0,0.0949070081114769,-0.45154300332069397,0.8871870040893555,0,-0.035406988114118576,0.8891149759292603,0.45631200075149536,0,15.941800117492676,-9.799699783325195,-0.26739999651908875,1,0.9986389875411987,0.05106499418616295,0.010637004859745502,0,0.01440800353884697,-0.0740479975938797,-0.9971510171890259,0,-0.050131991505622864,0.9959459900856018,-0.07468300312757492,0,0,71.62689971923828,0,1,0.9799190163612366,-0.001818985678255558,0.1993889957666397,0,-0.18972399830818176,0.2991720139980316,0.9351480007171631,0,-0.06135198846459389,-0.9541980028152466,0.29281899333000183,0,0,54.548500061035156,0,1,0.9951909780502319,0,0.09795299917459488,0,-0.055959999561309814,0.820743978023529,0.5685489773750305,0,-0.08039499819278717,-0.571295976638794,0.8167970180511475,0,0,33.84659957885742,0,1,-0.9937009811401367,-0.04607999697327614,-0.10215000063180923,0,-0.06870800256729126,-0.46958500146865845,0.8802099823951721,0,-0.08852799981832504,0.8816840052604675,0.4634610116481781,0,-15.941800117492676,-9.799699783325195,-0.705299973487854,1,0.985194981098175,-0.1405780017375946,-0.09812500327825546,0,-0.10418599843978882,-0.036410994827747345,-0.9938910007476807,0,0.13614700734615326,0.9894000291824341,-0.05051799491047859,0,0,71.59709930419922,0,1,0.932066023349762,-0.0674080029129982,-0.35596200823783875,0,0.3602539896965027,0.27642399072647095,0.8909590244293213,0,0.038339000195264816,-0.9586690068244934,0.28192898631095886,0,0,54.51089859008789,0,1,0.9949439764022827,0.004317000042647123,-0.10034000128507614,0,0.056418001651763916,0.8025230169296265,0.5939480066299438,0,0.08308900147676468,-0.5966060161590576,0.7982209920883179,0,0,33.96849822998047,0,1
K0.100,0.999206006526947,-0.029846999794244766,0.026384999975562096,0,0.03454099968075752,0.9790719747543335,-0.2005629986524582,0,-0.019847000017762184,0.2013150006532669,0.979324996471405,0,-8.210053443908691,102.06727600097656,81.93543243408203,1,0.9997289776802063,0.0021389999892562628,0.023159999400377274,0,-0.006905000191181898,0.97816401720047,0.20771799981594086,0,-0.022210000082850456,-0.20782199501991272,0.9779149889945984,0,0,17.628299713134766,-0.6212999820709229,1,0.9999840259552002,0.003959000110626221,0.003986000083386898,0,-0.003998999949544668,0.9999420046806335,0.01003899984061718,0,-0.003945999778807163,-0.010054999962449074,0.9999420046806335,0,0,20.579200744628906,0,1,0.9999840259552002,0.0040480000898242,0.0038789999671280384,0,-0.0040870001539587975,0.9999409914016724,0.010049000382423401,0,-0.003837999887764454,-0.010064000263810158,0.9999420046806335,0,0,23.518999099731445,0,1,0.9999240040779114,0.012202000245451927,0.001800999976694584,0,-0.012330000288784504,0.9923210144042969,0.12307500094175339,0,-0.0002849999873433262,-0.12308800220489502,0.9923959970474243,0,0,26.458900451660156,0,1,0.9997130036354065,0.023483000695705414,-0.004712999798357487,0,-0.023924000561237335,0.9696409702301025,-0.2433609962463379,0,-0.0011449999874457717,0.24340400099754333,0.9699239730834961,0,0,15.508999824523926,1.8286999464035034,1,-0.02002600021660328,0.011207000352442265,-0.999737024307251,0,0.8607280254364014,-0.5085480213165283,-0.02294199913740158,0,-0.5086709856987,-0.8609610199928284,0.0005380000220611691,0,8.985099792480469,22.393600463867188,-0.1712000072002411,1,0.9271379709243774,0.3459379971027374,-0.14402000606060028,0,-0.12467300146818161,0.6472190022468567,0.7520400285720825,0,0.3533720076084137,-0.6792899966239929,0.6431900262832642,0,0,19.728599548339844,0,1,0.3027670085430145,0.9527199864387512,0.025620000436902046,0,-0.9527570009231567,0.3018769919872284,0.03352599963545799,0,0.02420699968934059,-0.03455999866127968,0.9991090297698975,0,0,44.092899322509766,0,1,0.3426240086555481,-0.09379900246858597,-0.9347779750823975,0,-0.3342539966106415,0.9177259802818298,-0.21460199356079102,0,0.878000020980835,0.3859809935092926,0.2830820083618164,0,0,48.932098388671875,0,1,0.8933680057525635,0.43696901202201843,-0.10465499758720398,0,-0.3986780047416687,0.878292977809906,0.2639259994029999,0,0.20724500715732574,-0.19405899941921234,0.9588490128517151,0,-5.694900035858154,4.453400135040283,0,1,0.9555060267448425,-0.29419100284576416,-0.02144400030374527,0,0.2947709858417511,0.9496449828147888,0.10623099654912949,0,-0.010888000018894672,-0.10782600194215775,0.9941099882125854,0,-0.4966000020503998,5.762199878692627,0,1,0.9780899882316589,0.2071170061826706,0.021037999540567398,0,-0.20798000693321228,0.9765920042991638,0.05488099902868271,0,-0.009178999811410904,-0.05805400013923645,0.9982709884643555,0,-1.62909996509552,8.78339958190918,0,1,0.9993730187416077,0.0333000011742115,0.012025999836623669,0,-0.03468799963593483,0.9889349937438965,0.1442369967699051,0,-0.007089000195264816,-0.14456400275230408,0.9894700050354004,0,0,7.103700160980225,0.20679999887943268,1,0.9999549984931946,-0.00924300029873848,-0.002113000024110079,0,0.009378000162541866,0.9313459992408752,0.36401399970054626,0,-0.0013970000436529517,-0.3640179932117462,0.9313910007476807,0,0.2563999891281128,12.015800476074219,0,1,0.9990720152854919,0.04303399845957756,-0.0015820000553503633,0,-0.04256200045347214,0.9923689961433411,0.11572500318288803,0,0.006550000049173832,-0.11555100232362747,0.9932799935340881,0,-0.26829999685287476,9.354599952697754,0,1,0.027403000742197037,-0.012360000051558018,0.9995480179786682,0,-0.8418840169906616,-0.5394089818000793,0.01641000062227249,0,0.5389630198478699,-0.8419529795646667,-0.025187000632286072,0,-8.985099792480469,22.391700744628906,-0.11540000140666962,1,0.9271889925003052,-0.3083289861679077,0.21272799372673035,0,0.09009800106287003,0.7347790002822876,0.6722959876060486,0,-0.36359599232673645,-0.6041790246963501,0.70906001329422,0,0,19.728599548339844,0,1,0.2119790017604828,-0.9768930077552795,-0.027310999110341072,0,0.9769300222396851,0.21107999980449677,0.0324539989233017,0,-0.02593900077044964,-0.033560000360012054,0.9991000294685364,0,0,44.090999603271484,0,1,0.44589000940322876,0.14690899848937988,0.8829489946365356,0,0.2715890109539032,0.9177290201187134,-0.2898479998111725,0,-0.8528900146484375,0.36904001235961914,0.3693079948425293,0,0,48.967098236083984,0,1,0.9008219838142395,-0.4225359857082367,0.0999160036444664,0,0.3799760043621063,0.8785349726676941,0.2894720137119293,0,-0.2100919932126999,-0.22279700636863708,0.9519569873809814,0,5.2565999031066895,4.92609977722168,0,1,0.9660750031471252,0.2582620084285736,0.00013899999612476677,0,-0.2577170133590698,0.9639999866485596,0.06546299904584885,0,0.01677200011909008,-0.06327799707651138,0.997855007648468,0,0.47440001368522644,5.74370002746582,0,1,0.9027850031852722,-0.4300900101661682,0.0015559999737888575,0,0.4297420084476471,0.9018970131874084,-0.043643999844789505,0,0.01736699976027012,0.040070001035928726,0.9990460276603699,0,1.5963000059127808,8.556099891662598,0,1,0.9997400045394897,-0.02271299995481968,0.001973999897018075,0,0.0220940001308918,0.9865750074386597,0.16180799901485443,0,-0.005623000208288431,-0.16172200441360474,0.9868199825286865,0,0,6.166900157928467,0.13590000569820404,1,0.9995689988136292,0.02926800027489662,0.0021200000774115324,0,-0.029277000576257706,0.9897180199623108,0.14000700414180756,0,0.0020000000949949026,-0.14000800251960754,0.9901480078697205,0,-0.21469999849796295,12.213299751281738,0,1,0.9998990297317505,-0.014100000262260437,0.0016509999986737967,0,0.013731000013649464,0.990073025226593,0.1398800015449524,0,-0.0036069999914616346,-0.13984300196170807,0.9901670217514038,0,0.1623000055551529,9.774499893188477,0,1,-0.9948999881744385,-0.07543399930000305,0.06696099787950516,0,0.09391199797391891,-0.4504939913749695,0.8878269791603088,0,-0.03680700063705444,0.8895869851112366,0.45528000593185425,0,15.941800117492676,-9.799699783325195,-0.26739999651908875,1,0.9986379742622375,0.051183998584747314,0.010077999904751778,0,0.013881999999284744,-0.07450500130653381,-0.9971240162849426,0,-0.05028599873185158,0.9959059953689575,-0.07511399686336517,0,0,71.62689971923828,0,1,0.9799720048904419,-0.00342700001783669,0.19910800457000732,0,-0.18899500370025635,0.29901400208473206,0.9353460073471069,0,-0.06274200230836868,-0.954243004322052,0.2923780083656311,0,0,54.548500061035156,0,1,0.9951909780502319,0,0.09795299917459488,0,-0.055959999561309814,0.820743978023529,0.5685489773750305,0,-0.08039399981498718,-0.571295976638794,0.8167970180511475,0,0,33.84659957885742,0,1,-0.9936869740486145,-0.046362001448869705,-0.10216300189495087,0,-0.06869299709796906,-0.46854299306869507,0.880765974521637,0,-0.0887020006775856,0.8822240233421326,0.46239998936653137,0,-15.941800117492676,-9.799699783325195,-0.705299973487854,1,0.9851750135421753,-0.1406860053539276,-0.0981689989566803,0,-0.10428500175476074,-0.03676300123333931,-0.9938679933547974,0,0.1362150013446808,0.9893710017204285,-0.0508899986743927,0,0,71.59709930419922,0,1,0.932142972946167,-0.06734000146389008,-0.3557719886302948,0,0.36007198691368103,0.2759470045566559,0.8911799788475037,0,0.038162000477313995,-0.9588109850883484,0.2814689874649048,0,0,54.51089859008789,0,1,0.9949449896812439,0.004310999996960163,-0.10033100098371506,0,0.05641400068998337,0.8025490045547485,0.5939130187034607,0,0.08308099955320358,-0.5965710282325745,0.7982490062713623,0,0,33.96849822998047,0,1
