4.300,30,129,41
B0,mixamorig_Hips,-1,0.9991368055343628,0.03420519456267357,0.023554997518658638,0,-0.03026391752064228,0.9880561828613281,-0.1510951966047287,0,-0.028441907837986946,0.15025201439857483,0.9882385730743408,0,-0.11196910589933395,88.85973358154297,0.001062249531969428,1
B1,mixamorig_Spine,0,0.9978998303413391,-0.06470600515604019,-0.0031544528901576996,0,0.06292145699262619,0.9564809799194336,0.28492942452430725,0,-0.015419915318489075,-0.28452926874160767,0.958543062210083,0,0,17.628299713134766,-0.6212999820709229,1
B2,mixamorig_Spine1,1,0.9999759793281555,-0.006832181941717863,0.0011839988874271512,0,0.00674099987372756,0.9978534579277039,0.06513924896717072,0,-0.001626000041142106,-0.06513015925884247,0.997875452041626,0,0,20.579200744628906,0,1
B3,mixamorig_Spine2,2,0.9999750256538391,-0.006858000066131353,0.0014749090187251568,0,0.006810000166296959,0.9995135068893433,0.030437834560871124,0,-0.0016830000095069408,-0.030426833778619766,0.9995355010032654,0,0,23.518999099731445,0,1
B4,mixamorig_Neck,3,0.9999639987945557,0.0015167280798777938,-0.008351000025868416,0,-0.0011266369838267565,0.9989141821861267,0.04656881466507912,0,0.00841199979186058,-0.04655781388282776,0.9988802075386047,0,0,26.458900451660156,0,1
B5,mixamorig_Head,4,0.9966970086097717,0.04139619320631027,-0.069874107837677,0,-0.05305148661136627,0.9832773208618164,-0.17421388626098633,0,0.06149344518780708,0.1773461550474167,0.9822251796722412,0,0,15.508999824523926,1.8286999464035034,1
B6,mixamorig_HeadTop_End,5,1,0,0,0,0,1,0,0,0,0,1,0,0,49.277000427246094,5.810400009155273,1
B7,mixamorig_LeftShoulder,3,0.21163217723369598,0.03860349953174591,-0.9765865206718445,0,0.8383288383483887,-0.5208237171173096,0.16108323633670807,0,-0.5024104714393616,-0.8527910709381104,-0.14258550107479095,0,8.985099792480469,22.393600463867188,-0.1712000072002411,1
B8,mixamorig_LeftArm,7,0.9151055216789246,0.36784830689430237,0.16513469815254211,0,-0.4008852243423462,0.7860645651817322,0.47052401304244995,0,0.04327509179711342,-0.49677911400794983,0.8667973279953003,0,0,19.728599548339844,0,1
B9,mixamorig_LeftForeArm,8,0.5527372360229492,0.8331841826438904,0.016823286190629005,0,-0.833217203617096,0.5521668195724487,0.02932009845972061,0,0.015139649622142315,-0.03022337332367897,0.9994285106658936,0,0,44.092899322509766,0,1
B10,mixamorig_LeftHand,9,0.7533841729164124,-0.016577813774347305,-0.6573711037635803,0,-0.18029968440532684,0.9561631679534912,-0.23074662685394287,0,0.6323795318603516,0.2923646569252014,0.7173691987991333,0,0,48.932098388671875,0,1
B11,mixamorig_LeftHandThumb1,10,0.8088719844818115,0.5546191334724426,-0.195251002907753,0,-0.46208998560905457,0.8049520254135132,0.372189998626709,0,0.3635919988155365,-0.21083000302314758,0.9073870182037354,0,-5.694900035858154,4.453400135040283,0,1
B12,mixamorig_LeftHandThumb2,11,0.8900550007820129,-0.4429379105567932,-0.10774700343608856,0,0.45254701375961304,0.8301389813423157,0.3256840109825134,0,-0.05481300130486488,-0.33863699436187744,0.9393190145492554,0,-0.4966000020503998,5.762199878692627,0,1
B13,mixamorig_LeftHandThumb3,12,0.9104099869728088,0.4049980044364929,-0.08444000035524368,0,-0.40672600269317627,0.9135429859161377,-0.0036100000143051147,0,0.07567790895700455,0.03763100132346153,0.9964219927787781,0,-1.62909996509552,8.78339958190918,0,1
B14,mixamorig_LeftHandThumb4,13,1,0,0,0,0,1,0,0,0,0,1,0,2.1256000995635986,7.931700229644775,0,1
B15,mixamorig_LeftHandIndex1,10,0.9908739924430847,0.08682099729776382,0.10310400277376175,0,-0.1338219940662384,0.5421329736709595,0.8295680284500122,0,0.016127999871969223,-0.835794985294342,0.548803985118866,0,0,7.103700160980225,0.20679999887943268,1
B16,mixamorig_LeftHandIndex2,15,0.9997349977493286,0.0223580002784729,0.005444999784231186,0,-0.021731091663241386,0.8395050168037415,0.542917013168335,0,0.007567909080535173,-0.5428910255432129,0.8397690057754517,0,0.2563999891281128,12.015800476074219,0,1
B17,mixamorig_LeftHandIndex3,16,0.9982529878616333,0.05908000096678734,0.0011610910296440125,0,-0.057819001376628876,0.9725018739700317,0.2256050854921341,0,0.01219900045543909,-0.22527800500392914,0.9742180109024048,0,-0.26829999685287476,9.354599952697754,0,1
B18,mixamorig_LeftHandIndex4,17,1,0,0,0,0,1,0,0,0,0,1,0,0.011800000444054604,6.6996002197265625,0,1
B19,mixamorig_RightShoulder,3,0.2665603756904602,-0.02933884970843792,0.9633713960647583,0,-0.7830039858818054,-0.5894251465797424,0.19870252907276154,0,0.5620057582855225,-0.8072903156280518,-0.18009032309055328,0,-8.985099792480469,22.391700744628906,-0.11540000140666962,1
B20,mixamorig_RightArm,19,0.7855031490325928,-0.5990749597549438,-0.15522032976150513,0,0.6087251305580139,0.7027459740638733,0.3682387173175812,0,-0.1115228459239006,-0.3837389349937439,0.9166819453239441,0,0,19.728599548339844,0,1
B21,mixamorig_RightForeArm,20,0.801620364189148,-0.5977801084518433,-0.007723014336079359,0,0.5978022217750549,0.8013948202133179,0.01985938288271427,0,-0.005682469345629215,-0.02053692750632763,0.9997725486755371,0,0,44.090999603271484,0,1
B22,mixamorig_RightHand,21,0.8109558820724487,-0.13689076900482178,0.568868100643158,0,0.14352503418922424,0.9890825748443604,0.03340640291571617,0,-0.5672301054000854,0.054554618895053864,0.821749746799469,0,0,48.967098236083984,0,1
B23,mixamorig_RightHandThumb1,22,0.8354949951171875,-0.4728809893131256,0.27987799048423767,0,0.4442870020866394,0.8810539841651917,0.16233600676059723,0,-0.32335299253463745,-0.011284999549388885,0.9462109804153442,0,5.2565999031066895,4.92609977722168,0,1
B24,mixamorig_RightHandThumb2,23,0.8987560272216797,0.3466441035270691,0.2684690058231354,0,-0.4340899884700775,0.78963702917099,0.43363499641418457,0,-0.06167599931359291,-0.50627201795578,0.8601660132408142,0,0.47440001368522644,5.74370002746582,0,1
B25,mixamorig_RightHandThumb3,24,0.8710190057754517,-0.3748280107975006,-0.31753700971603394,0,0.43822500109672546,0.884971022605896,0.15743200480937958,0,0.22200100123882294,-0.2762790024280548,0.9350860118865967,0,1.5963000059127808,8.556099891662598,0,1
B26,mixamorig_RightHandThumb4,25,1,0,0,0,0,1,0,0,0,0,1,0,-2.07069993019104,7.6097002029418945,0,1
B27,mixamorig_RightHandIndex1,22,0.9984599947929382,-0.03476591035723686,-0.04322899878025055,0,0.05547399818897247,0.6280820965766907,0.7761669754981995,0,0.00016799999866634607,-0.7773699760437012,0.6290439963340759,0,0,6.166900157928467,0.13590000569820404,1
B28,mixamorig_RightHandIndex2,27,0.9999160170555115,-0.01228999998420477,-0.0041600000113248825,0,0.012399000115692616,0.8105589747428894,0.5855259895324707,0,-0.0038240000139921904,-0.5855280160903931,0.8106430172920227,0,-0.21469999849796295,12.213299751281738,0,1
B29,mixamorig_RightHandIndex3,28,0.9994580149650574,-0.03290899842977524,-0.0004670000053010881,0,0.03141099959611893,0.9495360851287842,0.31207990646362305,0,-0.009825999848544598,-0.3119249939918518,0.9500560164451599,0,0.1623000055551529,9.774499893188477,0,1
B30,mixamorig_RightHandIndex4,29,1,0,0,0,0,1,0,0,0,0,1,0,0.052400000393390656,7.035299777984619,0,1
B31,mixamorig_LeftUpLeg,0,-0.9702325463294983,-0.023772360756993294,0.24100609123706818,0,0.24060727655887604,-0.20767147839069366,0.9481461644172668,0,0.02751019038259983,0.9779096841812134,0.2072094827890396,0,15.941800117492676,-9.799699783325195,-0.26739999651908875,1
B32,mixamorig_LeftLeg,31,0.97688889503479,-0.17905163764953613,0.11674417555332184,0,0.11756709218025208,-0.006045266520231962,-0.9930468797683716,0,0.1785120815038681,0.9838210344314575,0.01514509692788124,0,0,71.62689971923828,0,1
B33,mixamorig_LeftFoot,32,0.9605579972267151,0.19216927886009216,0.20099490880966187,0,-0.27388688921928406,0.5287714004516602,0.8033595085144043,0,0.04810035973787308,-0.8267231583595276,0.5605484247207642,0,0,54.548500061035156,0,1
B34,mixamorig_LeftToeBase,33,0.9951909780502319,0,0.09795299917459488,0,-0.055959999561309814,0.820743978023529,0.5685489773750305,0,-0.08039499819278717,-0.571295976638794,0.8167970180511475,0,0,33.84659957885742,0,1
B35,mixamorig_LeftToe_End,34,1,0,0,0,0,1,0,0,0,0,1,0,0,12.724900245666504,0,1
B36,mixamorig_RightUpLeg,0,-0.9882636070251465,0.018425730988383293,-0.1516425460577011,0,-0.15239383280277252,-0.1873590052127838,0.9703980684280396,0,-0.010531000792980194,0.9821184277534485,0.1879682093858719,0,-15.941800117492676,-9.799699783325195,-0.705299973487854,1
B37,mixamorig_RightLeg,36,0.9879568219184875,-0.1290183663368225,-0.08540908992290497,0,-0.09438608586788177,-0.06513290852308273,-0.9934030175209045,0,0.1226043626666069,0.9895008206367493,-0.07652600109577179,0,0,71.59709930419922,0,1
B38,mixamorig_RightFoot,37,0.9522048830986023,-0.1802423745393753,-0.24661417305469513,0,0.30288419127464294,0.4524860978126526,0.838760256767273,0,-0.03959101065993309,-0.8733664751052856,0.48545128107070923,0,0,54.51089859008789,0,1
B39,mixamorig_RightToeBase,38,0.9955800175666809,0.00027600000612437725,-0.09391800314188004,0,0.053420908749103546,0.8208100199699402,0.568697988986969,0,0.07724499702453613,-0.5712010264396667,0.8171669840812683,0,0,33.96849822998047,0,1
B40,mixamorig_RightToe_End,39,1,0,0,0,0,1,0,0,0,0,1,0,0,12.887100219726562,0,1
@34,0,1,2,3,4,5,7,8,9,10,11,12,13,15,16,17,19,20,21,22,23,24,25,27,28,29,31,32,33,34,36,37,38,39
K0.000,0.9990990161895752,0.03582699969410896,0.02276800014078617,0,-0.031592000275850296,0.9857959747314453,-0.16494600474834442,0,-0.02835400030016899,0.1640779972076416,0.9860399961471558,0,-0.09269099682569504,88.84711456298828,-0.15116499364376068,1,0.9979220032691956,-0.06428200006484985,-0.004517000168561935,0,0.06247600167989731,0.947953999042511,0.3122180104255676,0,-0.0157880000770092,-0.31185200810432434,0.949999988079071,0,0,17.628299713134766,-0.6212999820709229,1,0.9999759793281555,-0.006800000090152025,0.0013589999871328473,0,0.00674099987372756,0.9991980195045471,0.03947899863123894,0,-0.001626000041142106,-0.039468999952077866,0.9992190003395081,0,0,20.579200744628906,0,1,0.9999750256538391,-0.0068709999322891235,0.0014130000490695238,0,0.006810000166296959,0.9991970062255859,0.039482999593019485,0,-0.0016830000095069408,-0.039473000913858414,0.9992190003395081,0,0,23.518999099731445,0,1,0.9999639987945557,0.0014929999597370625,-0.008337999694049358,0,-0.0009879999561235309,0.9981889724731445,0.060148999094963074,0,0.00841199979186058,-0.060139000415802,0.9981549978256226,0,0,26.458900451660156,0,1,0.9965599775314331,0.046128999441862106,-0.0688449963927269,0,-0.06424999982118607,0.9547730088233948,-0.2903119921684265,0,0.05234000086784363,0.29373699426651,0.9544519782066345,0,0,15.508999824523926,1.8286999464035034,1,0.22996099293231964,0.03529199957847595,-0.9725599884986877,0,0.8318989872932434,-0.5257319808006287,0.17762400209903717,0,-0.5050370097160339,-0.849918007850647,-0.15025800466537476,0,8.985099792480469,22.393600463867188,-0.1712000072002411,1,0.9224169850349426,0.35362398624420166,0.1552319973707199,0,-0.38430899381637573,0.8008210062980652,0.45934000611305237,0,0.038120999932289124,-0.4833599925041199,0.8745909929275513,0,0,19.728599548339844,0,1,0.5437629818916321,0.8390640020370483,0.017139999195933342,0,-0.8390960097312927,0.5431810021400452,0.02952600084245205,0,0.015464999713003635,-0.03043700009584427,0.9994170069694519,0,0,44.092899322509766,0,1,0.7621549963951111,-0.02439199946820736,-0.646934986114502,0,-0.17269499599933624,0.9554200172424316,-0.23947599530220032,0,0.6239359974861145,0.29423999786376953,0.7239660024642944,0,0,48.932098388671875,0,1,0.8088719844818115,0.5546190142631531,-0.195251002907753,0,-0.46208998560905457,0.8049520254135132,0.372189998626709,0,0.3635919988155365,-0.21083000302314758,0.9073870182037354,0,-5.694900035858154,4.453400135040283,0,1,0.8900550007820129,-0.4429369866847992,-0.10774700343608856,0,0.45254701375961304,0.8301389813423157,0.3256840109825134,0,-0.05481300130486488,-0.33863699436187744,0.9393190145492554,0,-0.4966000020503998,5.762199878692627,0,1,0.9104099869728088,0.4049980044364929,-0.08444000035524368,0,-0.40672600269317627,0.9135429859161377,-0.0036100000143051147,0,0.07567799836397171,0.03763100132346153,0.9964219927787781,0,-1.62909996509552,8.78339958190918,0,1,0.9908739924430847,0.08682099729776382,0.10310400277376175,0,-0.1338219940662384,0.5421329736709595,0.8295680284500122,0,0.016127999871969223,-0.835794985294342,0.548803985118866,0,0,7.103700160980225,0.20679999887943268,1,0.9997349977493286,0.0223580002784729,0.005444999784231186,0,-0.021731000393629074,0.8395050168037415,0.542917013168335,0,0.007567000109702349,-0.5428910255432129,0.8397690057754517,0,0.2563999891281128,12.015800476074219,0,1,0.9982529878616333,0.05908000096678734,0.0011609999928623438,0,-0.057819001376628876,0.9725009799003601,0.22560499608516693,0,0.012199999764561653,-0.22527800500392914,0.9742180109024048,0,-0.26829999685287476,9.354599952697754,0,1,0.2808229923248291,-0.02579200081527233,0.9594129920005798,0,-0.7755190134048462,-0.5950210094451904,0.210999995470047,0,0.5654289722442627,-0.8032960295677185,-0.1870969980955124,0,-8.985099792480469,22.391700744628906,-0.11540000140666962,1,0.7981789708137512,-0.585972011089325,-0.1398099958896637,0,0.59272700548172,0.7224289774894714,0.3560490012168884,0,-0.10763200372457504,-0.36706000566482544,0.9239490032196045,0,0,19.728599548339844,0,1,0.7914860248565674,-0.6111339926719666,-0.008058999665081501,0,0.6111570000648499,0.7912489771842957,0.020302999764680862,0,-0.006031000055372715,-0.0209950003772974,0.9997609853744507,0,0,44.090999603271484,0,1,0.8210669755935669,-0.12774699926376343,0.5563539862632751,0,0.13629400730133057,0.9903209805488586,0.026249000802636147,0,-0.5543220043182373,0.0542760007083416,0.8305310010910034,0,0,48.967098236083984,0,1,0.8354949951171875,-0.4728809893131256,0.27987799048423767,0,0.4442870020866394,0.8810539841651917,0.16233600676059723,0,-0.32335299253463745,-0.011284999549388885,0.9462109804153442,0,5.2565999031066895,4.92609977722168,0,1,0.8987560272216797,0.3466449975967407,0.2684690058231354,0,-0.4340899884700775,0.78963702917099,0.43363499641418457,0,-0.06167599931359291,-0.50627201795578,0.8601660132408142,0,0.47440001368522644,5.74370002746582,0,1,0.8710190057754517,-0.3748280107975006,-0.31753700971603394,0,0.43822500109672546,0.884971022605896,0.15743200480937958,0,0.22200100123882294,-0.2762790024280548,0.9350860118865967,0,1.5963000059127808,8.556099891662598,0,1,0.9984599947929382,-0.03476500138640404,-0.04322899878025055,0,0.05547399818897247,0.6280829906463623,0.7761669754981995,0,0.00016700000560376793,-0.7773699760437012,0.6290439963340759,0,0,6.166900157928467,0.13590000569820404,1,0.9999160170555115,-0.01228999998420477,-0.004160999786108732,0,0.012399000115692616,0.8105589747428894,0.5855259895324707,0,-0.0038240000139921904,-0.5855280160903931,0.8106430172920227,0,-0.21469999849796295,12.213299751281738,0,1,0.9994580149650574,-0.03290899842977524,-0.0004670000053010881,0,0.03141099959611893,0.9495360255241394,0.3120799958705902,0,-0.009825999848544598,-0.3119249939918518,0.9500560164451599,0,0.1623000055551529,9.774499893188477,0,1,-0.9704999923706055,-0.025861000642180443,0.23970800638198853,0,0.2393849939107895,-0.22172799706459045,0.9452679753303528,0,0.02870500087738037,0.9747660160064697,0.22137799859046936,0,15.941800117492676,-9.799699783325195,-0.26739999651908875,1,0.9771010279655457,-0.17782799899578094,0.11683499813079834,0,0.11778999865055084,-0.005216999910771847,-0.993025004863739,0,0.17719699442386627,0.9840480089187622,0.015848999843001366,0,0,71.62689971923828,0,1,0.9607059955596924,0.19188299775123596,0.20056000351905823,0,-0.27338001132011414,0.5290930271148682,0.8033199906349182,0,0.04802799969911575,-0.826583981513977,0.5607600212097168,0,0,54.548500061035156,0,1,0.9951909780502319,0,0.09795299917459488,0,-0.055959999561309814,0.820743978023529,0.5685480237007141,0,-0.08039399981498718,-0.571295976638794,0.8167970180511475,0,0,33.84659957885742,0,1,-0.9879180192947388,0.02098900079727173,-0.15355099737644196,0,-0.15461799502372742,-0.2010049968957901,0.9673110246658325,0,-0.010560999624431133,0.9793649911880493,0.2018209993839264,0,-15.941800117492676,-9.799699783325195,-0.705299973487854,1,0.9879480004310608,-0.12902699410915375,-0.08549900352954865,0,-0.09440399706363678,-0.06454899907112122,-0.9934390187263489,0,0.1226620003581047,0.9895380139350891,-0.07595200091600418,0,0,71.59709930419922,0,1,0.9523659944534302,-0.18158100545406342,-0.24500399827957153,0,0.3020940124988556,0.45191600918769836,0.839352011680603,0,-0.04168900102376938,-0.8733839988708496,0.4852440059185028,0,0,54.51089859008789,0,1,0.9955800175666809,0.00027600000612437725,-0.09391800314188004,0,0.05341999977827072,0.8208100199699402,0.568697988986969,0,0.07724499702453613,-0.5712010264396667,0.8171669840812683,0,0,33.96849822998047,0,1
K0.033,0.999098002910614,0.035829998552799225,0.022770000621676445,0,-0.03159499913454056,0.9858080148696899,-0.16487400233745575,0,-0.028355000540614128,0.16400599479675293,0.9860519766807556,0,-0.09656903892755508,88.84815979003906,-0.14722195267677307,1,0.9979209899902344,-0.06428399682044983,-0.004507999401539564,0,0.062477000057697296,0.9479910135269165,0.3121050000190735,0,-0.015789000317454338,-0.3117380142211914,0.9500370025634766,0,0,17.628299713134766,-0.6212999820709229,1,0.9999759793281555,-0.006800000090152025,0.0013559998478740454,0,0.00674099987372756,0.9991829991340637,0.03984200954437256,0,-0.001626000041142106,-0.03983201086521149,0.9992049932479858,0,0,20.579200744628906,0,1,0.9999750256538391,-0.0068709999322891235,0.0014130000490695238,0,0.006810000166296959,0.9991989731788635,0.03944399952888489,0,-0.0016830000095069408,-0.039434000849723816,0.9992210268974304,0,0,23.518999099731445,0,1,0.9999639987945557,0.0014929999597370625,-0.008337999694049358,0,-0.0009889999637380242,0.9981939792633057,0.06006099656224251,0,0.00841199979186058,-0.060050997883081436,0.9981600046157837,0,0,26.458900451660156,0,1,0.9965609908103943,0.046098001301288605,-0.068851999938488,0,-0.06420599669218063,0.9548689723014832,-0.2900030016899109,0,0.052375998347997665,0.2934269905090332,0.9545459747314453,0,0,15.508999824523926,1.8286999464035034,1,0.22986799478530884,0.035300999879837036,-0.9725810289382935,0,0.8319010138511658,-0.5257580280303955,0.17753499746322632,0,-0.5050749778747559,-0.849901020526886,-0.15022200345993042,0,8.985099792480469,22.393600463867188,-0.1712000072002411,1,0.9223859906196594,0.35369399189949036,0.15525899827480316,0,-0.38438698649406433,0.8008379936218262,0.4592440128326416,0,0.03809500113129616,-0.4832800030708313,0.8746370077133179,0,0,19.728599548339844,0,1,0.5435349941253662,0.8392109870910645,0.0171470008790493,0,-0.83924400806427,0.5429530143737793,0.029532000422477722,0,0.015472999773919582,-0.030441999435424805,0.9994170069694519,0,0,44.092899322509766,0,1,0.7621430158615112,-0.024467002600431442,-0.6469460129737854,0,-0.17263400554656982,0.9554229974746704,-0.23950700461864471,0,0.6239669919013977,0.29422399401664734,0.7239459753036499,0,0,48.932098388671875,0,1,0.8088719844818115,0.5546200275421143,-0.195251002907753,0,-0.46208998560905457,0.8049520254135132,0.372189998626709,0,0.3635919988155365,-0.21083000302314758,0.9073870182037354,0,-5.694900035858154,4.453400135040283,0,1,0.8900550007820129,-0.4429369866847992,-0.10774599760770798,0,0.45254600048065186,0.8301389813423157,0.3256840109825134,0,-0.05481300130486488,-0.33863699436187744,0.9393190145492554,0,-0.4966000020503998,5.762199878692627,0,1,0.9104099869728088,0.40499699115753174,-0.08444000035524368,0,-0.40672600269317627,0.9135429859161377,-0.003611000021919608,0,0.07567799836397171,0.03763100132346153,0.9964219927787781,0,-1.62909996509552,8.78339958190918,0,1,0.9908739924430847,0.08682099729776382,0.10310400277376175,0,-0.1338219940662384,0.5421329736709595,0.8295680284500122,0,0.016127999871969223,-0.835794985294342,0.548803985118866,0,0,7.103700160980225,0.20679999887943268,1,0.9997349977493286,0.0223580002784729,0.005444999784231186,0,-0.021731000393629074,0.8395050168037415,0.542917013168335,0,0.007567000109702349,-0.5428910255432129,0.8397690057754517,0,0.2563999891281128,12.015800476074219,0,1,0.9982529878616333,0.059080999344587326,0.0011609999928623438,0,-0.057819001376628876,0.9725019931793213,0.22560499608516693,0,0.012199999764561653,-0.22527800500392914,0.9742180109024048,0,-0.26829999685287476,9.354599952697754,0,1,0.28075799345970154,-0.02580299973487854,0.9594320058822632,0,-0.7755640149116516,-0.5949789881706238,0.21095100045204163,0,0.5653989911079407,-0.8033270239830017,-0.1870570033788681,0,-8.985099792480469,22.391700744628906,-0.11540000140666962,1,0.7981950044631958,-0.5859190225601196,-0.13994300365447998,0,0.5927280187606812,0.7224329710006714,0.35604000091552734,0,-0.1075109988451004,-0.36713799834251404,0.9239320158958435,0,0,19.728599548339844,0,1,0.791234016418457,-0.6114599704742432,-0.008067999966442585,0,0.6114829778671265,0.7909960150718689,0.02031400054693222,0,-0.006040000356733799,-0.02100599929690361,0.9997609853744507,0,0,44.090999603271484,0,1,0.8210049867630005,-0.12762099504470825,0.556473970413208,0,0.13614800572395325,0.9903410077095032,0.026254000142216682,0,-0.5544490218162537,0.054207995533943176,0.8304499983787537,0,0,48.967098236083984,0,1,0.8354949951171875,-0.4728809893131256,0.27987799048423767,0,0.4442870020866394,0.8810539841651917,0.16233600676059723,0,-0.32335299253463745,-0.011284999549388885,0.9462109804153442,0,5.2565999031066895,4.92609977722168,0,1,0.8987560272216797,0.3466449975967407,0.2684690058231354,0,-0.4340899884700775,0.78963702917099,0.43363499641418457,0,-0.06167500093579292,-0.50627201795578,0.8601660132408142,0,0.47440001368522644,5.74370002746582,0,1,0.8710190057754517,-0.3748280107975006,-0.31753700971603394,0,0.43822500109672546,0.884971022605896,0.15743200480937958,0,0.22200100123882294,-0.2762790024280548,0.9350860118865967,0,1.5963000059127808,8.556099891662598,0,1,0.9984599947929382,-0.034765999764204025,-0.04322899878025055,0,0.05547399818897247,0.6280829906463623,0.7761669754981995,0,0.00016700000560376793,-0.7773699760437012,0.6290439963340759,0,0,6.166900157928467,0.13590000569820404,1,0.9999160170555115,-0.01228999998420477,-0.0041600000113248825,0,0.012399000115692616,0.8105589747428894,0.5855259895324707,0,-0.0038240000139921904,-0.5855280160903931,0.8106430172920227,0,-0.21469999849796295,12.213299751281738,0,1,0.9994580149650574,-0.03290899842977524,-0.0004670000053010881,0,0.03141099959611893,0.9495360255241394,0.3120799958705902,0,-0.009827000088989735,-0.3119249939918518,0.9500560164451599,0,0.1623000055551529,9.774499893188477,0,1,-0.9705010056495667,-0.025844000279903412,0.2397100031375885,0,0.2393839955329895,-0.22167199850082397,0.9452810287475586,0,0.028706999495625496,0.9747790098190308,0.2213200032711029,0,15.941800117492676,-9.799699783325195,-0.26739999651908875,1,0.9771010279655457,-0.17782899737358093,0.11683399975299835,0,0.11779099702835083,-0.005204000044614077,-0.993025004863739,0,0.17719599604606628,0.9840480089187622,0.01586100086569786,0,0,71.62689971923828,0,1,0.9607070088386536,0.191881000995636,0.20056000351905823,0,-0.27337899804115295,0.5290939807891846,0.8033210039138794,0,0.048027001321315765,-0.826583981513977,0.5607600212097168,0,0,54.548500061035156,0,1,0.9951909780502319,0,0.09795299917459488,0,-0.055959999561309814,0.8207430243492126,0.5685499906539917,0,-0.08039499819278717,-0.5712969899177551,0.8167960047721863,0,0,33.84659957885742,0,1,-0.9879180192947388,0.020976999774575233,-0.15355099737644196,0,-0.15461699664592743,-0.20094500482082367,0.9673230051994324,0,-0.010564000345766544,0.9793779850006104,0.20176100730895996,0,-15.941800117492676,-9.799699783325195,-0.705299973487854,1,0.9879480004310608,-0.1290300041437149,-0.08550100028514862,0,-0.09440500289201736,-0.06453599780797958,-0.9934399724006653,0,0.12266600131988525,0.9895380139350891,-0.07593999803066254,0,0,71.59709930419922,0,1,0.9523640275001526,-0.18159499764442444,-0.24500299990177155,0,0.3021000027656555,0.45191100239753723,0.839352011680603,0,-0.041703000664711,-0.8733839988708496,0.4852440059185028,0,0,54.51089859008789,0,1,0.9955800175666809,0.00027600000612437725,-0.09391800314188004,0,0.05342099815607071,0.8208100199699402,0.568697988986969,0,0.07724600285291672,-0.5712010264396667,0.8171669840812683,0,0,33.96849822998047,0,1
K0.067,0.999098002910614,0.03583500161767006,0.022778000682592392,0,-0.031605999916791916,0.9858419895172119,-0.16467000544071198,0,-0.028356000781059265,0.16380099952220917,0.9860860109329224,0,-0.10051596164703369,88.8492202758789,-0.1426430493593216,1,0.9979209899902344,-0.06429000198841095,-0.004484000615775585,0,0.062481001019477844,0.9480980038642883,0.31178000569343567,0,-0.015792999416589737,-0.3114120066165924,0.9501439929008484,0,0,17.628299713134766,-0.6212999820709229,1,0.9999759793281555,-0.006802000105381012,0.0013490001438185573,0,0.00674099987372756,0.9991419911384583,0.04087398946285248,0,-0.001626000041142106,-0.04086398705840111,0.9991629719734192,0,0,20.579200744628906,0,1,0.9999750256538391,-0.0068709999322891235,0.0014140000566840172,0,0.006810000166296959,0.9992030262947083,0.03933199867606163,0,-0.0016830000095069408,-0.03932100161910057,0.9992250204086304,0,0,23.518999099731445,0,1,0.9999639987945557,0.001491999952122569,-0.008337999694049358,0,-0.000990999978967011,0.9982089996337891,0.059811003506183624,0,0.00841199979186058,-0.059800002723932266,0.9981750249862671,0,0,26.458900451660156,0,1,0.9965639710426331,0.04601199924945831,-0.06887099891901016,0,-0.06407999992370605,0.9551460146903992,-0.28911900520324707,0,0.05247899889945984,0.29253900051116943,0.9548130035400391,0,0,15.508999824523926,1.8286999464035034,1,0.22960099577903748,0.03532800078392029,-0.9726430177688599,0,0.8319079875946045,-0.525833010673523,0.177279993891716,0,-0.5051850080490112,-0.8498539924621582,-0.1501220017671585,0,8.985099792480469,22.393600463867188,-0.1712000072002411,1,0.9222959876060486,0.3538919985294342,0.15533700585365295,0,-0.38460901379585266,0.8008869886398315,0.4589720070362091,0,0.038019001483917236,-0.48305198550224304,0.8747659921646118,0,0,19.728599548339844,0,1,0.5428850054740906,0.8396310210227966,0.017170000821352005,0,-0.8396639823913574,0.5423020124435425,0.029546000063419342,0,0.015496999956667423,-0.03045699931681156,0.9994159936904907,0,0,44.092899322509766,0,1,0.7621070146560669,-0.02468099817633629,-0.6469810009002686,0,-0.17245900630950928,0.9554330110549927,-0.23959499597549438,0,0.6240599751472473,0.29417499899864197,0.7238849997520447,0,0,48.932098388671875,0,1,0.8088719844818115,0.5546190142631531,-0.195251002907753,0,-0.46208998560905457,0.8049520254135132,0.372189998626709,0,0.3635919988155365,-0.21083000302314758,0.9073870182037354,0,-5.694900035858154,4.453400135040283,0,1,0.8900539875030518,-0.4429379999637604,-0.10774599760770798,0,0.45254701375961304,0.8301389813423157,0.3256840109825134,0,-0.05481300130486488,-0.33863699436187744,0.9393190145492554,0,-0.4966000020503998,5.762199878692627,0,1,0.9104099869728088,0.4049980044364929,-0.08444000035524368,0,-0.40672600269317627,0.9135429859161377,-0.0036100000143051147,0,0.07567799836397171,0.03763100132346153,0.9964219927787781,0,-1.62909996509552,8.78339958190918,0,1,0.9908739924430847,0.08682099729776382,0.10310500115156174,0,-0.1338219940662384,0.5421329736709595,0.8295680284500122,0,0.016127999871969223,-0.835794985294342,0.548803985118866,0,0,7.103700160980225,0.20679999887943268,1,0.9997349977493286,0.0223580002784729,0.005444999784231186,0,-0.021731000393629074,0.8395050168037415,0.542917013168335,0,0.007567000109702349,-0.5428910255432129,0.8397690057754517,0,0.2563999891281128,12.015800476074219,0,1,0.9982529878616333,0.05908000096678734,0.0011609999928623438,0,-0.057819001376628876,0.9725019931793213,0.22560499608516693,0,0.01219900045543909,-0.22527800500392914,0.9742180109024048,0,-0.26829999685287476,9.354599952697754,0,1,0.2805730104446411,-0.025834999978542328,0.9594849944114685,0,-0.7756929993629456,-0.5948609709739685,0.21081100404262543,0,0.565313994884491,-0.8034129738807678,-0.186941996216774,0,-8.985099792480469,22.391700744628906,-0.11540000140666962,1,0.7982400059700012,-0.5857669711112976,-0.1403219997882843,0,0.5927299857139587,0.7224429845809937,0.35601699352264404,0,-0.1071690022945404,-0.36735999584198,0.9238839745521545,0,0,19.728599548339844,0,1,0.7905169725418091,-0.6123870015144348,-0.008090999908745289,0,0.6124100089073181,0.790278971195221,0.020344000309705734,0,-0.006063999608159065,-0.021037999540567398,0.9997599720954895,0,0,44.090999603271484,0,1,0.8208280205726624,-0.12726299464702606,0.5568169951438904,0,0.1357319951057434,0.9903969764709473,0.026270000264048576,0,-0.554813027381897,0.05401500314474106,0.8302199840545654,0,0,48.967098236083984,0,1,0.8354949951171875,-0.4728809893131256,0.27987799048423767,0,0.4442870020866394,0.8810539841651917,0.16233600676059723,0,-0.32335299253463745,-0.011284999549388885,0.9462109804153442,0,5.2565999031066895,4.92609977722168,0,1,0.8987560272216797,0.3466449975967407,0.2684690058231354,0,-0.4340899884700775,0.78963702917099,0.43363499641418457,0,-0.06167500093579292,-0.50627201795578,0.8601660132408142,0,0.47440001368522644,5.74370002746582,0,1,0.8710190057754517,-0.3748280107975006,-0.31753700971603394,0,0.43822500109672546,0.884971022605896,0.15743200480937958,0,0.22200100123882294,-0.2762790024280548,0.9350860118865967,0,1.5963000059127808,8.556099891662598,0,1,0.9984599947929382,-0.034765999764204025,-0.04322899878025055,0,0.05547399818897247,0.6280819773674011,0.7761669754981995,0,0.00016700000560376793,-0.7773699760437012,0.6290439963340759,0,0,6.166900157928467,0.13590000569820404,1,0.9999160170555115,-0.01228999998420477,-0.0041600000113248825,0,0.012399000115692616,0.8105589747428894,0.5855259895324707,0,-0.0038240000139921904,-0.5855280160903931,0.8106430172920227,0,-0.21469999849796295,12.213299751281738,0,1,0.9994580149650574,-0.03290899842977524,-0.0004670000053010881,0,0.03141099959611893,0.9495369791984558,0.3120799958705902,0,-0.009827000088989735,-0.3119249939918518,0.9500560164451599,0,0.1623000055551529,9.774499893188477,0,1,-0.9705010056495667,-0.02579299919307232,0.23971399664878845,0,0.23938199877738953,-0.22148799896240234,0.9453250169754028,0,0.028711000457406044,0.9748219847679138,0.22112900018692017,0,15.941800117492676,-9.799699783325195,-0.26739999651908875,1,0.9771019816398621,-0.17782700061798096,0.11683300137519836,0,0.11779200285673141,-0.00519599998369813,-0.993025004863739,0,0.1771939992904663,0.9840480089187622,0.015869000926613808,0,0,71.62689971923828,0,1,0.9607080221176147,0.19187699258327484,0.20055900514125824,0,-0.273375004529953,0.5290910005569458,0.803322970867157,0,0.04802500084042549,-0.8265870213508606,0.5607560276985168,0,0,54.548500061035156,0,1,0.9951909780502319,0,0.09795299917459488,0,-0.055959999561309814,0.820743978023529,0.5685489773750305,0,-0.08039399981498718,-0.571295976638794,0.8167970180511475,0,0,33.84659957885742,0,1,-0.9879199862480164,0.02092999964952469,-0.15354399383068085,0,-0.1546030044555664,-0.20074300467967987,0.9673680067062378,0,-0.010576000437140465,0.979420006275177,0.20155400037765503,0,-15.941800117492676,-9.799699783325195,-0.705299973487854,1,0.9879440069198608,-0.12905600666999817,-0.08550100028514862,0,-0.09440699964761734,-0.06453000009059906,-0.9934399724006653,0,0.12269199639558792,0.9895349740982056,-0.07593599706888199,0,0,71.59709930419922,0,1,0.952347993850708,-0.18168500065803528,-0.2449979931116104,0,0.30213800072669983,0.4518890082836151,0.8393499851226807,0,-0.04178500175476074,-0.8733770251274109,0.48524999618530273,0,0,54.51089859008789,0,1,0.9955800175666809,0.00027600000612437725,-0.09391800314188004,0,0.05341999977827072,0.8208100199699402,0.568697988986969,0,0.07724600285291672,-0.5712010264396667,0.8171669840812683,0,0,33.96849822998047,0,1
K0.100,0.999098002910614,0.035843998193740845,0.022787999361753464,0,-0.03162200003862381,0.9858959913253784,-0.16434699296951294,0,-0.02835799939930439,0.1634790003299713,0.9861389994621277,0,-0.10451599955558777,88.850341796875,-0.13749800622463226,1,0.9979209899902344,-0.06430000066757202,-0.00444599986076355,0,0.062488000839948654,0.948265016078949,0.31126898527145386,0,-0.01579900085926056,-0.3108989894390106,0.9503120183944702,0,0,17.628299713134766,-0.6212999820709229,1,0.9999759793281555,-0.006804000120609999,0.0013379999436438084,0,0.00674099987372756,0.9990739822387695,0.0424950011074543,0,-0.001626000041142106,-0.04248499870300293,0.9990959763526917,0,0,20.579200744628906,0,1,0.9999750256538391,-0.006870000157505274,0.0014149999478831887,0,0.006810000166296959,0.999210000038147,0.03915499895811081,0,-0.0016830000095069408,-0.03914399817585945,0.9992319941520691,0,0,23.518999099731445,0,1,0.9999639987945557,0.001491999952122569,-0.008338999934494495,0,-0.000994000001810491,0.9982330203056335,0.05941599979996681,0,0.00841199979186058,-0.059404999017715454,0.9981989860534668,0,0,26.458900451660156,0,1,0.9965680241584778,0.045876000076532364,-0.06890299916267395,0,-0.0638820007443428,0.95558100938797,-0.28772100806236267,0,0.052643001079559326,0.2911350131034851,0.9552329778671265,0,0,15.508999824523926,1.8286999464035034,1,0.22918200492858887,0.03536999970674515,-0.9727410078048706,0,0.8319169878959656,-0.525954008102417,0.17687900364398956,0,-0.5053600072860718,-0.8497769832611084,-0.14996400475502014,0,8.985099792480469,22.393600463867188,-0.1712000072002411,1,0.9221569895744324,0.35420000553131104,0.15546299517154694,0,-0.3849549889564514,0.8009650111198425,0.4585460126399994,0,0.03789699822664261,-0.482697993516922,0.8749669790267944,0,0,19.728599548339844,0,1,0.5418620109558105,0.8402910232543945,0.01720600016415119,0,-0.8403239846229553,0.5412780046463013,0.029570000246167183,0,0.015533999539911747,-0.03048199974000454,0.9994149804115295,0,0,44.092899322509766,0,1,0.7620459794998169,-0.025016000494360924,-0.6470400094985962,0,-0.17218400537967682,0.9554489850997925,-0.23972800374031067,0,0.6242110133171082,0.2940930128097534,0.7237889766693115,0,0,48.932098388671875,0,1,0.8088719844818115,0.5546200275421143,-0.195251002907753,0,-0.46208998560905457,0.8049520254135132,0.372189998626709,0,0.3635919988155365,-0.21083000302314758,0.9073870182037354,0,-5.694900035858154,4.453400135040283,0,1,0.8900550007820129,-0.4429369866847992,-0.10774599760770798,0,0.45254701375961304,0.8301389813423157,0.3256840109825134,0,-0.05481300130486488,-0.33863699436187744,0.9393190145492554,0,-0.4966000020503998,5.762199878692627,0,1,0.9104099869728088,0.4049980044364929,-0.08444000035524368,0,-0.40672600269317627,0.9135429859161377,-0.0036100000143051147,0,0.07567799836397171,0.03763100132346153,0.9964219927787781,0,-1.62909996509552,8.78339958190918,0,1,0.9908739924430847,0.08682099729776382,0.10310500115156174,0,-0.1338219940662384,0.5421329736709595,0.8295680284500122,0,0.016127999871969223,-0.835794985294342,0.548803985118866,0,0,7.103700160980225,0.20679999887943268,1,0.9997349977493286,0.0223580002784729,0.005444000009447336,0,-0.021731000393629074,0.8395050168037415,0.542917013168335,0,0.007567999884486198,-0.5428910255432129,0.8397690057754517,0,0.2563999891281128,12.015800476074219,0,1,0.9982529878616333,0.059080999344587326,0.0011620000004768372,0,-0.057819001376628876,0.9725009799003601,0.22560599446296692,0,0.01219900045543909,-0.22527900338172913,0.9742180109024048,0,-0.26829999685287476,9.354599952697754,0,1,0.2802799940109253,-0.025885000824928284,0.959568977355957,0,-0.775892972946167,-0.5946789979934692,0.2105879932641983,0,0.5651839971542358,-0.8035460114479065,-0.1867610067129135,0,-8.985099792480469,22.391700744628906,-0.11540000140666962,1,0.7983090281486511,-0.5855299830436707,-0.14091399312019348,0,0.5927330255508423,0.7224590182304382,0.35597899556159973,0,-0.10663200169801712,-0.36770498752593994,0.9238089919090271,0,0,19.728599548339844,0,1,0.7893880009651184,-0.6138409972190857,-0.00812899973243475,0,0.613864004611969,0.7891479730606079,0.020393000915646553,0,-0.00610300013795495,-0.021088000386953354,0.9997590184211731,0,0,44.090999603271484,0,1,0.8205500245094299,-0.1267009973526001,0.5573549866676331,0,0.13507899641990662,0.9904860258102417,0.02629699930548668,0,-0.5553839802742004,0.0537090003490448,0.8298580050468445,0,0,48.967098236083984,0,1,0.8354949951171875,-0.4728800058364868,0.27987799048423767,0,0.4442859888076782,0.8810539841651917,0.16233499348163605,0,-0.32335299253463745,-0.011284999549388885,0.9462109804153442,0,5.2565999031066895,4.92609977722168,0,1,0.8987560272216797,0.3466449975967407,0.2684690058231354,0,-0.4340899884700775,0.78963702917099,0.43363499641418457,0,-0.06167599931359291,-0.50627201795578,0.8601660132408142,0,0.47440001368522644,5.74370002746582,0,1,0.8710190057754517,-0.3748280107975006,-0.31753700971603394,0,0.43822500109672546,0.884971022605896,0.15743200480937958,0,0.22200100123882294,-0.2762790024280548,0.9350860118865967,0,1.5963000059127808,8.556099891662598,0,1,0.9984599947929382,-0.034765999764204025,-0.04322899878025055,0,0.05547399818897247,0.6280829906463623,0.7761669754981995,0,0.00016700000560376793,-0.7773699760437012,0.6290439963340759,0,0,6.166900157928467,0.13590000569820404,1,0.9999160170555115,-0.01228999998420477,-0.004160999786108732,0,0.012399000115692616,0.8105589747428894,0.5855259895324707,0,-0.0038240000139921904,-0.5855280160903931,0.8106430172920227,0,-0.21469999849796295,12.213299751281738,0,1,0.9994580149650574,-0.03290899842977524,-0.0004670000053010881,0,0.03141099959611893,0.9495360255241394,0.3120799958705902,0,-0.009827000088989735,-0.3119249939918518,0.9500560164451599,0,0.1623000055551529,9.774499893188477,0,1,-0.9705010056495667,-0.025714000687003136,0.23972100019454956,0,0.23938000202178955,-0.22119399905204773,0.945393979549408,0,0.028714999556541443,0.9748910069465637,0.2208240032196045,0,15.941800117492676,-9.799699783325195,-0.26739999651908875,1,0.9771019816398621,-0.17782500386238098,0.11683300137519836,0,0.1177930012345314,-0.0051910001784563065,-0.993025004863739,0,0.17719100415706635,0.9840480089187622,0.015874000266194344,0,0,71.62689971923828,0,1,0.9607089757919312,0.19186900556087494,0.20055800676345825,0,-0.27336999773979187,0.5290849804878235,0.8033289909362793,0,0.04802199825644493,-0.8265920281410217,0.5607489943504333,0,0,54.548500061035156,0,1,0.9951909780502319,0,0.09795299917459488,0,-0.055959999561309814,0.820743978023529,0.5685489773750305,0,-0.08039499819278717,-0.5712969899177551,0.8167970180511475,0,0,33.84659957885742,0,1,-0.9879220128059387,0.020860999822616577,-0.15353800356388092,0,-0.15458600223064423,-0.200423002243042,0.9674370288848877,0,-0.010591000318527222,0.9794870018959045,0.20122699439525604,0,-15.941800117492676,-9.799699783325195,-0.705299973487854,1,0.9879400134086609,-0.12908700108528137,-0.08550100028514862,0,-0.09440799802541733,-0.0645269975066185,-0.9934399724006653,0,0.12272299826145172,0.9895319938659668,-0.07593599706888199,0,0,71.59709930419922,0,1,0.9523289799690247,-0.1817930042743683,-0.2449910044670105,0,0.30218398571014404,0.4518589973449707,0.8393499851226807,0,-0.04188700020313263,-0.8733699917793274,0.4852539896965027,0,0,54.51089859008789,0,1,0.9955800175666809,0.00027600000612437725,-0.09391800314188004,0,0.05342099815607071,0.8208100199699402,0.568697988986969,0,0.07724499702453613,-0.5712010264396667,0.8171669840812683,0,0,33.96849822998047,0,1
