0.933,30,27,41
B0,mixamorig_Hips,-1,0.012153388932347298,0.004809122066944838,-0.9998455047607422,0,0.024974284693598747,0.9995999932289124,0.0051062642596662045,0,0.9996073246002197,-0.02501901239156723,0.01198760885745287,0,1.6954901218414307,147.04258728027344,-3.237131357192993,1
B1,mixamorig_Spine,0,0.9734100103378296,-0.0005892826593481004,0.22881922125816345,0,-0.004398354794830084,0.999704897403717,0.021271364763379097,0,-0.22876471281051636,-0.02172866463661194,0.9732354283332825,0,0,17.628299713134766,-0.6212999820709229,1
B2,mixamorig_Spine1,1,0.9543420672416687,0.018331613391637802,0.2981509566307068,0,-0.02371268719434738,0.9996134638786316,0.014437912963330746,0,-0.2977701723575592,-0.02084856666624546,0.9544084072113037,0,0,20.579200744628906,0,1
B3,mixamorig_Spine2,2,0.9543378353118896,0.024579722434282303,0.2977142930030823,0,-0.02890740893781185,0.9995294809341431,0.01013929769396782,0,-0.2973243296146393,-0.018282784149050713,0.9546002745628357,0,0,23.518999099731445,0,1
B4,mixamorig_Neck,3,0.9965385794639587,-0.010570834390819073,0.08244121074676514,0,0.0032102863769978285,0.9960343837738037,0.08889278769493103,0,-0.08305206149816513,-0.08832155168056488,0.9926221966743469,0,0,26.458900451660156,0,1
B5,mixamorig_Head,4,0.8019462823867798,0.1307431161403656,0.5829059481620789,0,-0.004063177853822708,0.9769258499145508,-0.2135283648967743,0,-0.5973761677742004,0.16886602342128754,0.7839775681495667,0,0,15.508999824523926,1.8286999464035034,1
B6,mixamorig_HeadTop_End,5,1,0,0,0,0,1,0,0,0,0,1,0,0,49.277000427246094,5.810400009155273,1
B7,mixamorig_LeftShoulder,3,0.41292184591293335,0.003736496437340975,-0.9107383489608765,0,0.6990887522697449,-0.6422196626663208,0.3143269419670105,0,-0.5837247371673584,-0.7665107846260071,-0.26780083775520325,0,8.985099792480469,22.393600463867188,-0.1712000072002411,1
B8,mixamorig_LeftArm,7,0.9284201860427856,0.33644944429397583,-0.1562623530626297,0,-0.27871719002723694,0.9107136726379395,0.304818719625473,0,0.24487581849098206,-0.2394772320985794,0.9392917156219482,0,0,19.728599548339844,0,1
B9,mixamorig_LeftForeArm,8,0.9036009907722473,0.4276242256164551,0.004476998001337051,0,-0.427640825510025,0.903478741645813,0.015047783963382244,0,0.002412008121609688,-0.01551211066544056,0.9998767375946045,0,0,44.092899322509766,0,1
B10,mixamorig_LeftHand,9,0.8296700716018677,0.27799707651138306,-0.4833260178565979,0,-0.1426062136888504,0.9421815276145935,0.2992709279060364,0,0.5380498170852661,-0.17928361892700195,0.8220207095146179,0,0,48.932098388671875,0,1
B11,mixamorig_LeftHandThumb1,10,0.8527514934539795,0.47900259494781494,-0.20820419490337372,0,-0.3739798069000244,0.8382543921470642,0.3967934548854828,0,0.3645974099636078,-0.2605102062225342,0.8939808011054993,0,-5.694900035858154,4.453400135040283,0,1
B12,mixamorig_LeftHandThumb2,11,0.8688483834266663,-0.48975279927253723,0.07208938896656036,0,0.49233779311180115,0.8700661063194275,-0.02280157059431076,0,-0.05152488499879837,0.05529846251010895,0.9971269965171814,0,-0.4966000020503998,5.762199878692627,0,1
B13,mixamorig_LeftHandThumb3,12,0.9721985459327698,0.22687742114067078,0.057626109570264816,0,-0.23109668493270874,0.9694694876670837,0.0818859338760376,0,-0.03729604557156563,-0.09291107207536697,0.9949656128883362,0,-1.62909996509552,8.78339958190918,0,1
B14,mixamorig_LeftHandThumb4,13,1,0,0,0,0,1,0,0,0,0,1,0,2.1256000995635986,7.931700229644775,0,1
B15,mixamorig_LeftHandIndex1,10,0.9984776377677917,0.043790169060230255,0.03340041637420654,0,-0.05279717594385147,0.9338338375091553,0.35365793108940125,0,-0.015678754076361656,-0.35488811135292053,0.9347314238548279,0,0,7.103700160980225,0.20679999887943268,1
B16,mixamorig_LeftHandIndex2,15,0.9992276430130005,-0.03920508548617363,-0.0024770614691078663,0,0.0389559380710125,0.9808057546615601,0.19100165367126465,0,-0.005055961664766073,-0.1909506618976593,0.981576144695282,0,0.2563999891281128,12.015800476074219,0,1
B17,mixamorig_LeftHandIndex3,16,0.9981731176376343,0.06039201095700264,0.0016861931653693318,0,-0.05944865196943283,0.9768297076225281,0.20554675161838531,0,0.010768728330731392,-0.20527075231075287,0.9786351919174194,0,-0.26829999685287476,9.354599952697754,0,1
B18,mixamorig_LeftHandIndex4,17,1,0,0,0,0,1,0,0,0,0,1,0,0.011800000444054604,6.6996002197265625,0,1
B19,mixamorig_RightShoulder,3,-0.10688509792089462,-0.08074235916137695,0.9909863471984863,0,-0.807609498500824,-0.5743077397346497,-0.13390207290649414,0,0.5799430012702942,-0.8146430253982544,-0.003826410975307226,0,-8.985099792480469,22.391700744628906,-0.11540000140666962,1
B20,mixamorig_RightArm,19,0.9031726121902466,0.03850317746400833,0.4268341660499573,0,-0.3090834319591522,0.7481721639633179,0.5866320133209229,0,-0.2968631088733673,-0.6619640588760376,0.6881684064865112,0,0,19.728599548339844,0,1
B21,mixamorig_RightForeArm,20,0.9298692941665649,-0.36782875657081604,-0.0034621332306414843,0,0.36784204840660095,0.9297897815704346,0.012219911441206932,0,-0.0012769816676154733,-0.012635915540158749,0.9999194741249084,0,0,44.090999603271484,0,1
B22,mixamorig_RightHand,21,0.7789164781570435,-0.01713133230805397,0.6239598393440247,0,0.025234203785657883,0.9989781975746155,-0.0005918648093938828,0,-0.6230874061584473,0.01676303893327713,0.7788335084915161,0,0,48.967098236083984,0,1
B23,mixamorig_RightHandThumb1,22,0.866708517074585,-0.4495333135128021,0.21610383689403534,0,0.3071759343147278,0.8224209547042847,0.47877037525177,0,-0.3929777145385742,-0.3485622704029083,0.8509126305580139,0,5.2565999031066895,4.92609977722168,0,1
B24,mixamorig_RightHandThumb2,23,0.9227861166000366,0.3830919563770294,-0.040869634598493576,0,-0.38525503873825073,0.9163665175437927,-0.1088576540350914,0,-0.004252652637660503,0.11620119959115982,0.9931983351707458,0,0.47440001368522644,5.74370002746582,0,1
B25,mixamorig_RightHandThumb3,24,0.9676195979118347,-0.23883143067359924,-0.0816696286201477,0,0.24394874274730682,0.9679505825042725,0.059651006013154984,0,0.06480658054351807,-0.07764264196157455,0.9948722124099731,0,1.5963000059127808,8.556099891662598,0,1
B26,mixamorig_RightHandThumb4,25,1,0,0,0,0,1,0,0,0,0,1,0,-2.07069993019104,7.6097002029418945,0,1
B27,mixamorig_RightHandIndex1,22,0.999969482421875,-0.004500097129493952,0.006181987933814526,0,0.003567855805158615,0.9896697402000427,0.14330820739269257,0,-0.0067648203112185,-0.14328207075595856,0.9896577000617981,0,0,6.166900157928467,0.13590000569820404,1
B28,mixamorig_RightHandIndex2,27,0.9992411136627197,0.03888431563973427,0.0024289528373628855,0,-0.03876384720206261,0.9860252737998962,0.16194812953472137,0,0.0039007023442536592,-0.16191920638084412,0.9867842197418213,0,-0.21469999849796295,12.213299751281738,0,1
B29,mixamorig_RightHandIndex3,28,0.9990735054016113,-0.04273320361971855,-0.005087456665933132,0,0.0427306592464447,0.9710129499435425,0.23506972193717957,0,-0.005108395125716925,-0.2350694090127945,0.9719396829605103,0,0.1623000055551529,9.774499893188477,0,1
B30,mixamorig_RightHandIndex4,29,1,0,0,0,0,1,0,0,0,0,1,0,0.052400000393390656,7.035299777984619,0,1
B31,mixamorig_LeftUpLeg,0,-0.9731748104095459,-0.059254616498947144,0.22208721935749054,0,-0.02848467230796814,-0.927571713924408,-0.37244144082069397,0,0.22812208533287048,-0.3688404858112335,0.9010292887687683,0,15.941800117492676,-9.799699783325195,-0.26739999651908875,1
B32,mixamorig_LeftLeg,31,0.9933645129203796,-0.04968532174825668,-0.10125430673360825,0,0.023775987327098846,0.9668359160423279,-0.24796266853809357,0,0.10927248001098633,0.24381135404109955,0.9620870351791382,0,0,71.62689971923828,0,1
B33,mixamorig_LeftFoot,32,0.9839195609092712,0.0800967812538147,0.1589396893978119,0,-0.17434704303741455,0.2709849178791046,0.9460194706916809,0,0.032675210386514664,-0.9585245847702026,0.280575692653656,0,0,54.548500061035156,0,1
B34,mixamorig_LeftToeBase,33,0.9847373366355896,-0.06004367768764496,0.16305816173553467,0,-0.10201893001794815,0.56130450963974,0.8201280236244202,0,-0.140742689371109,-0.8242507576942444,0.5466117858886719,0,0,33.84659957885742,0,1
B35,mixamorig_LeftToe_End,34,1,0,0,0,0,1,0,0,0,0,1,0,0,12.724900245666504,0,1
B36,mixamorig_RightUpLeg,0,-0.9958877563476562,-0.08552931249141693,0.021455038338899612,0,0.08086463809013367,-0.7881602644920349,0.6095420718193054,0,-0.034879907965660095,0.6090200543403625,0.7921964526176453,0,-15.941800117492676,-9.799699783325195,-0.705299973487854,1
B37,mixamorig_RightLeg,36,0.9970911145210266,-0.012016622349619865,-0.07506795972585678,0,-0.02333259955048561,0.8914843797683716,-0.4524434208869934,0,0.07235778868198395,0.45288172364234924,0.8886101841926575,0,0,71.59709930419922,0,1
B38,mixamorig_RightFoot,37,0.9445117115974426,-0.07992012798786163,-0.31474557518959045,0,0.32379093766212463,0.3525082468986511,0.8770413398742676,0,0.04186610132455826,-0.9304123520851135,0.35955673456192017,0,0,54.51089859008789,0,1
B39,mixamorig_RightToeBase,38,0.9940100312232971,0.010099343955516815,-0.10878872871398926,0,0.060762517154216766,0.7765465974807739,0.6270340085029602,0,0.09081051498651505,-0.6298894286155701,0.7712816596031189,0,0,33.96849822998047,0,1
B40,mixamorig_RightToe_End,39,1,0,0,0,0,1,0,0,0,0,1,0,0,12.887100219726562,0,1
@34,0,1,2,3,4,5,7,8,9,10,11,12,13,15,16,17,19,20,21,22,23,24,25,27,28,29,31,32,33,34,36,37,38,39
K0.000,0.05605899915099144,-0.09519500285387039,-0.9938790202140808,0,0.02795800007879734,0.995203971862793,-0.09374500066041946,0,0.9980360269546509,-0.022531000897288322,0.058451998978853226,0,0.7988219857215881,153.6165008544922,-0.32737401127815247,1,0.9768779873847961,0.06773900240659714,0.20278200507164001,0,-0.07597099989652634,0.9965609908103943,0.03307799994945526,0,-0.19984400272369385,-0.04771900177001953,0.9786649942398071,0,0,17.628299713134766,-0.6212999820709229,1,0.95660001039505,0.02706499956548214,0.2901439964771271,0,-0.034908000379800797,0.9991509914398193,0.021889999508857727,0,-0.28930601477622986,-0.031067999079823494,0.9567319750785828,0,0,20.579200744628906,0,1,0.9565020203590393,0.03317699953913689,0.2898319959640503,0,-0.03993700072169304,0.9990500211715698,0.017436999827623367,0,-0.2889780104160309,-0.02825400047004223,0.9569190144538879,0,0,23.518999099731445,0,1,0.9954910278320312,0.011834999546408653,0.09411700069904327,0,-0.02075899951159954,0.9953169822692871,0.09441199898719788,0,-0.09255900233983994,-0.095940001308918,0.9910740256309509,0,0,26.458900451660156,0,1,0.7877230048179626,0.1434199959039688,0.5991020202636719,0,-0.022916000336408615,0.9786700010299683,-0.20415599644184113,0,-0.6156030297279358,0.14708900451660156,0.7742080092430115,0,0,15.508999824523926,1.8286999464035034,1,0.3535099923610687,0.019481999799609184,-0.9352279901504517,0,0.7431139945983887,-0.6131010055541992,0.26812100410461426,0,-0.5681650042533875,-0.7897650003433228,-0.2312140017747879,0,8.985099792480469,22.393600463867188,-0.1712000072002411,1,0.9935789704322815,0.11135999858379364,-0.019992999732494354,0,-0.07650099694728851,0.7914339900016785,0.6064490079879761,0,0.08335699886083603,-0.6010249853134155,0.7948709726333618,0,0,19.728599548339844,0,1,0.9278330206871033,0.37297800183296204,0.0036239998880773783,0,-0.37299200892448425,0.9277420043945312,0.013124999590218067,0,0.0015330000314861536,-0.013530000112950802,0.9999070167541504,0,0,44.092899322509766,0,1,0.7900890111923218,0.31083500385284424,-0.5283390283584595,0,-0.5037260055541992,0.8203759789466858,-0.2706350088119507,0,0.34931400418281555,0.4799630045890808,0.8047450184822083,0,0,48.932098388671875,0,1,0.8388519883155823,0.5089100003242493,-0.193231999874115,0,-0.40740999579429626,0.8223540186882019,0.3971790075302124,0,0.36103299260139465,-0.2544499933719635,0.897167980670929,0,-5.694900035858154,4.453400135040283,0,1,0.89137202501297,-0.4499169886112213,0.05504800006747246,0,0.4512859880924225,0.8922539949417114,-0.014946999959647655,0,-0.042392000555992126,0.03816600143909454,0.9983720183372498,0,-0.4966000020503998,5.762199878692627,0,1,0.9698290228843689,0.2339009940624237,0.06871499866247177,0,-0.23837900161743164,0.9689030051231384,0.06635700166225433,0,-0.05105699971318245,-0.08073599636554718,0.9954270124435425,0,-1.62909996509552,8.78339958190918,0,1,0.9987130165100098,0.040608000010252,0.030372999608516693,0,-0.04807300120592117,0.9488019943237305,0.3121910095214844,0,-0.016140999272465706,-0.31324899196624756,0.949533998966217,0,0,7.103700160980225,0.20679999887943268,1,0.9989929795265198,-0.044812001287937164,-0.0021810000762343407,0,0.04464000090956688,0.9879459738731384,0.1482200026512146,0,-0.004486999940127134,-0.14816799759864807,0.9889519810676575,0,0.2563999891281128,12.015800476074219,0,1,0.9984880089759827,0.054965998977422714,0.0004250000056345016,0,-0.054301001131534576,0.9851469993591309,0.16289900243282318,0,0.008534999564290047,-0.16267600655555725,0.9866430163383484,0,-0.26829999685287476,9.354599952697754,0,1,-0.05550000071525574,-0.07706999778747559,0.9954800009727478,0,-0.8044999837875366,-0.5870479941368103,-0.0903019979596138,0,0.5913540124893188,-0.8058750033378601,-0.029420999810099602,0,-8.985099792480469,22.391700744628906,-0.11540000140666962,1,0.9644119739532471,-0.1125359982252121,0.23925800621509552,0,-0.07261399924755096,0.7573750019073486,0.648930013179779,0,-0.25423601269721985,-0.6432099938392639,0.7222499847412109,0,0,19.728599548339844,0,1,0.9549710154533386,-0.2966890037059784,-0.0026279999874532223,0,0.29670000076293945,0.9549199938774109,0.009855999611318111,0,-0.0004149999876972288,-0.010192000307142735,0.9999480247497559,0,0,44.090999603271484,0,1,0.641435980796814,-0.060504000633955,0.7647870182991028,0,-0.21162599325180054,0.9442520141601562,0.2521960139274597,0,-0.7374110221862793,-0.32361599802970886,0.5928729772567749,0,0,48.967098236083984,0,1,0.8514289855957031,-0.48854899406433105,0.19075599312782288,0,0.37411201000213623,0.8206470012664795,0.4319469928741455,0,-0.36757099628448486,-0.2964079976081848,0.8814949989318848,0,5.2565999031066895,4.92609977722168,0,1,0.8908069729804993,0.4485650062561035,-0.0724710002541542,0,-0.4521400034427643,0.8908889889717102,-0.04343700036406517,0,0.04507900029420853,0.0714619979262352,0.9964240193367004,0,0.47440001368522644,5.74370002746582,0,1,0.9649080038070679,-0.251257985830307,-0.07630500197410583,0,0.2554439902305603,0.965474009513855,0.05106699839234352,0,0.060839999467134476,-0.06876599788665771,0.9957759976387024,0,1.5963000059127808,8.556099891662598,0,1,0.9997810125350952,-0.01694300025701523,-0.01229500025510788,0,0.01990099996328354,0.9514619708061218,0.30712199211120605,0,0.00649499986320734,-0.30730000138282776,0.9515910148620605,0,0,6.166900157928467,0.13590000569820404,1,0.999210000038147,0.03966899961233139,0.0023189999628812075,0,-0.0395749993622303,0.9881669878959656,0.14818599820137024,0,0.003587000072002411,-0.14816099405288696,0.9889569878578186,0,-0.21469999849796295,12.213299751281738,0,1,0.9990969896316528,-0.04220400005578995,-0.004809000063687563,0,0.042204998433589935,0.9735249876976013,0.2246520072221756,0,-0.004800000227987766,-0.2246520072221756,0.9744269847869873,0,0.1623000055551529,9.774499893188477,0,1,-0.989234983921051,-0.11231700330972672,0.09380199760198593,0,0.12438400089740753,-0.983053982257843,0.13465799391269684,0,0.07708799839019775,0.14487600326538086,0.9864420294761658,0,15.941800117492676,-9.799699783325195,-0.26739999651908875,1,0.9894760251045227,0.13812200725078583,0.043129999190568924,0,-0.017846999689936638,0.4122830033302307,-0.910880982875824,0,-0.14359399676322937,0.9005249738693237,0.41040900349617004,0,0,71.62689971923828,0,1,0.9569510221481323,0.04585599899291992,0.28660398721694946,0,-0.24634100496768951,0.6505159735679626,0.7184330224990845,0,-0.15349599719047546,-0.7581070065498352,0.6338080167770386,0,0,54.548500061035156,0,1,0.967536985874176,-0.10281399637460709,0.2308730036020279,0,-0.06628599762916565,0.7782989740371704,0.6243860125541687,0,-0.24388299882411957,-0.6194199919700623,0.7462170124053955,0,0,33.84659957885742,0,1,-0.9762979745864868,-0.20867300033569336,0.057420000433921814,0,0.2158699929714203,-0.9579370021820068,0.18909600377082825,0,0.015545000322163105,0.19700899720191956,0.9802780151367188,0,-15.941800117492676,-9.799699783325195,-0.705299973487854,1,0.9955040216445923,0.0028260000981390476,-0.09467600286006927,0,-0.026778999716043472,0.9671689867973328,-0.2527190148830414,0,0.0908529981970787,0.2541179955005646,0.962897002696991,0,0,71.59709930419922,0,1,0.928197979927063,-0.19427600502967834,-0.31734201312065125,0,0.3720160126686096,0.4678199887275696,0.8017160296440125,0,-0.007294999901205301,-0.8622069954872131,0.5065029859542847,0,0,54.51089859008789,0,1,0.995048999786377,0.003654999891296029,-0.09932000190019608,0,0.05592599883675575,0.8055059909820557,0.5899419784545898,0,0.08215899765491486,-0.5925760269165039,0.8013139963150024,0,0,33.96849822998047,0,1
K0.033,0.0615251362323761,-0.07639184594154358,-0.9951779842376709,0,0.0284420158714056,0.9967960119247437,-0.07475783675909042,0,0.9976999759674072,-0.023705018684267998,0.06350013613700867,0,0.030788885429501534,155.50999450683594,-0.5959678888320923,1,0.9825230836868286,0.04938187077641487,0.17947274446487427,0,-0.055736854672431946,0.9979779720306396,0.030535988509655,0,-0.17760275304317474,-0.04000495374202728,0.9832890629768372,0,0,17.628299713134766,-0.6212999820709229,1,0.9588090181350708,0.02450898289680481,0.2829909026622772,0,-0.031983982771635056,0.9992499947547913,0.02182500623166561,0,-0.28224390745162964,-0.029976997524499893,0.958873987197876,0,0,20.579200744628906,0,1,0.9587380290031433,0.03057498298585415,0.2826419174671173,0,-0.0370129831135273,0.9991620182991028,0.017465004697442055,0,-0.28187090158462524,-0.027205998077988625,0.9590669870376587,0,0,23.518999099731445,0,1,0.9948880076408386,0.013925000093877316,0.1000160500407219,0,-0.024476012215018272,0.9941650032997131,0.10505606979131699,0,-0.09796905517578125,-0.10696706920862198,0.9894239902496338,0,0,26.458900451660156,0,1,0.7747839093208313,0.14909802377223969,0.6143941283226013,0,-0.03020397759974003,0.9794139862060547,-0.1995900422334671,0,-0.6315041184425354,0.1360820233821869,0.7633368968963623,0,0,15.508999824523926,1.8286999464035034,1,0.3524169623851776,0.018154989928007126,-0.9356669783592224,0,0.7361399531364441,-0.6227160692214966,0.2651829421520233,0,-0.5778400897979736,-0.7822369337081909,-0.23282000422477722,0,8.985099792480469,22.393600463867188,-0.1712000072002411,1,0.9997319579124451,0.004750827793031931,0.02265436016023159,0,-0.017841320484876633,0.7816959023475647,0.6234041452407837,0,-0.014746016822755337,-0.6236420273780823,0.7815708518028259,0,0,19.728599548339844,0,1,0.9689391851425171,0.2472909539937973,0.0021779928356409073,0,-0.24730095267295837,0.9688991904258728,0.008701963350176811,0,0.00004199246541247703,-0.008970961906015873,0.9999600052833557,0,0,44.092899322509766,0,1,0.7408284544944763,0.3323529362678528,-0.583708643913269,0,-0.5295221209526062,0.8236240148544312,-0.2031005471944809,0,0.4132557213306427,0.45954903960227966,0.7861515879631042,0,0,48.932098388671875,0,1,0.8388019800186157,0.50901198387146,-0.19317999482154846,0,-0.4075239896774292,0.8222969770431519,0.3971799910068512,0,0.3610210120677948,-0.25442999601364136,0.8971779942512512,0,-5.694900035858154,4.453400135040283,0,1,0.8769949674606323,-0.4803341329097748,0.012607363052666187,0,0.4801941514015198,0.8770719170570374,0.01259518601000309,0,-0.017107540741562843,-0.004992474336177111,0.9998409748077393,0,-0.4966000020503998,5.762199878692627,0,1,0.9486847519874573,0.31484660506248474,0.02946467138826847,0,-0.3160695731639862,0.946996808052063,0.05741501972079277,0,-0.009826650843024254,-0.06378089636564255,0.9979159832000732,0,-1.62909996509552,8.78339958190918,0,1,0.999288022518158,0.026186874136328697,0.02715696580708027,0,-0.03257986158132553,0.9619650840759277,0.27122268080711365,0,-0.019022008404135704,-0.27191367745399475,0.9621330499649048,0,0,7.103700160980225,0.20679999887943268,1,0.9985039830207825,-0.05466906353831291,-0.001061988645233214,0,0.05460406467318535,0.9959110021591187,0.07196850329637527,0,-0.002876985352486372,-0.07191850244998932,0.997406005859375,0,0.2563999891281128,12.015800476074219,0,1,0.9990180134773254,0.04428892955183983,-0.001345006749033928,0,-0.044043928384780884,0.995883047580719,0.079229436814785,0,0.004848979879170656,-0.07909243553876877,0.9968550205230713,0,-0.26829999685287476,9.354599952697754,0,1,-0.04210175573825836,-0.07553395628929138,0.996254026889801,0,-0.8060631155967712,-0.586595892906189,-0.07853876799345016,0,0.5903308987617493,-0.8063501119613647,-0.036188118159770966,0,-8.985099792480469,22.391700744628906,-0.11540000140666962,1,0.9566977024078369,-0.21188601851463318,0.1995839774608612,0,0.03393489867448807,0.7621700167655945,0.6464868783950806,0,-0.2890985906124115,-0.61171954870224,0.7363570928573608,0,0,19.728599548339844,0,1,0.9521358609199524,-0.3056633770465851,-0.002722004661336541,0,0.3056753873825073,0.9520818591117859,0.01015501283109188,0,-0.0005120047717355192,-0.010501014068722725,0.9999449849128723,0,0,44.090999603271484,0,1,0.6899799704551697,-0.053505945950746536,0.7218479514122009,0,-0.1261773258447647,0.9731041193008423,0.19273659586906433,0,-0.7127459645271301,-0.22406533360481262,0.6646710634231567,0,0,48.967098236083984,0,1,0.8694660663604736,-0.4580649435520172,0.1849460005760193,0,0.361844927072525,0.8454320430755615,0.3928259313106537,0,-0.33629894256591797,-0.2746279835700989,0.9008229970932007,0,5.2565999031066895,4.92609977722168,0,1,0.8844249844551086,0.4634660482406616,-0.054698992520570755,0,-0.46507206559181213,0.8850269913673401,-0.020872950553894043,0,0.038737013936042786,0.04389895126223564,0.9982849955558777,0,0.47440001368522644,5.74370002746582,0,1,0.9651049971580505,-0.25038400292396545,-0.07668600231409073,0,0.25463199615478516,0.9656580090522766,0.051652997732162476,0,0.061118997633457184,-0.06937699019908905,0.9957159757614136,0,1.5963000059127808,8.556099891662598,0,1,0.9997469782829285,-0.019177015870809555,-0.011764982715249062,0,0.02169000916182995,0.9604331254959106,0.27766650915145874,0,0.005973988678306341,-0.27785152196884155,0.9606051445007324,0,0,6.166900157928467,0.13590000569820404,1,0.9991369843482971,0.04147602617740631,0.002020995132625103,0,-0.041429027915000916,0.9923490881919861,0.11630255728960037,0,0.0028179886285215616,-0.11628556251525879,0.9932120442390442,0,-0.21469999849796295,12.213299751281738,0,1,0.9991729855537415,-0.04047597572207451,-0.0039549884386360645,0,0.04048597440123558,0.9807740449905396,0.1909014880657196,0,-0.003847986925393343,-0.19090349972248077,0.9816010594367981,0,0.1623000055551529,9.774499893188477,0,1,-0.9954990148544312,-0.073099784553051,0.06032075360417366,0,0.08641974627971649,-0.9614346623420715,0.261103093624115,0,0.03890775516629219,0.2651410698890686,0.9634246230125427,0,15.941800117492676,-9.799699783325195,-0.26739999651908875,1,0.9895830154418945,0.13466595113277435,0.0509011372923851,0,-0.008847912773489952,0.40979039669036865,-0.9121367931365967,0,-0.1436920166015625,0.9021848440170288,0.4067133665084839,0,0,71.62689971923828,0,1,0.9556930065155029,0.04701796546578407,0.2905869781970978,0,-0.26994606852531433,0.533656120300293,0.8014614582061768,0,-0.11739072948694229,-0.8443934917449951,0.5227031707763672,0,0,54.548500061035156,0,1,0.9645151495933533,-0.10527442395687103,0.24213121831417084,0,-0.06609492003917694,0.7915962338447571,0.6074597239494324,0,-0.2556200623512268,-0.6019077897071838,0.7565484046936035,0,0,33.84659957885742,0,1,-0.9813900589942932,-0.19068273901939392,0.02264760248363018,0,0.19184373319149017,-0.9787230491638184,0.07278236001729965,0,0.008287735283374786,0.07577230036258698,0.9970909953117371,0,-15.941800117492676,-9.799699783325195,-0.705299973487854,1,0.9945719838142395,-0.0007099970825947821,-0.1040448471903801,0,-0.013789977878332138,0.9902549982070923,-0.13858096301555634,0,0.1031288430094719,0.13926297426223755,0.984870970249176,0,0,71.59709930419922,0,1,0.9464771151542664,-0.18930378556251526,-0.26142868399620056,0,0.32172662019729614,0.48823484778404236,0.8112452626228333,0,-0.025933073833584785,-0.8519341349601746,0.5230067372322083,0,0,54.51089859008789,0,1,0.9943389892578125,0.008086067624390125,-0.10594908893108368,0,0.059241052716970444,0.7855677008628845,0.6159343719482422,0,0.0882100835442543,-0.6187233328819275,0.780640721321106,0,0,33.96849822998047,0,1
K0.067,0.07530886679887772,-0.060671158134937286,-0.9953129887580872,0,0.030086982995271683,0.9978309869766235,-0.05854815989732742,0,0.9967060089111328,-0.025535982102155685,0.07697086781263351,0,-0.7800459265708923,156.4898223876953,-0.9834421277046204,1,0.9874369502067566,0.03635812923312187,0.1537722498178482,0,-0.041354142129421234,0.9987109899520874,0.029415011405944824,0,-0.15250425040721893,-0.03540504351258278,0.9876679182052612,0,0,17.628299713134766,-0.6212999820709229,1,0.9611930251121521,0.02291501685976982,0.27492308616638184,0,-0.030211016535758972,0.9992939829826355,0.022333994507789612,0,-0.2742170989513397,-0.029773002490401268,0.9612069725990295,0,0,20.579200744628906,0,1,0.9611449837684631,0.02896001748740673,0.2745200991630554,0,-0.03526102006435394,0.9992150068283081,0.01804499514400959,0,-0.2737821042537689,-0.027024002745747566,0.9614120125770569,0,0,23.518999099731445,0,1,0.9943400025367737,0.013957000337541103,0.10532494634389877,0,-0.025796987116336823,0.9933850169181824,0.11189993470907211,0,-0.10306695103645325,-0.11398393660783768,0.9881219863891602,0,0,26.458900451660156,0,1,0.7652671337127686,0.1521729677915573,0.6254668831825256,0,-0.028041021898388863,0.9786149859428406,-0.20378296077251434,0,-0.6431008577346802,0.13840897381305695,0.7531691193580627,0,0,15.508999824523926,1.8286999464035034,1,0.34893304109573364,0.017304008826613426,-0.9369879961013794,0,0.7303000688552856,-0.631589949131012,0.26029905676841736,0,-0.5872879028320312,-0.775109052658081,-0.23301999270915985,0,8.985099792480469,22.393600463867188,-0.1712000072002411,1,0.991938054561615,-0.11237084120512009,0.0585736408829689,0,0.050035323947668076,0.7719821333885193,0.6336718797683716,0,-0.11642398685216904,-0.6256330013275146,0.771381139755249,0,0,19.728599548339844,0,1,0.9896948337554932,0.14318503439426422,0.0014480071840807796,0,-0.14319002628326416,0.9896827936172485,0.005039036273956299,0,-0.0007109924918040633,-0.005194037687033415,0.9999859929084778,0,0,44.092899322509766,0,1,0.6852025389671326,0.32712605595588684,-0.6507583260536194,0,-0.5442648530006409,0.8237059712409973,-0.1590084284543991,0,0.4840172827243805,0.46313798427581787,0.7424494028091431,0,0,48.932098388671875,0,1,0.8387809991836548,0.5090540051460266,-0.19315899908542633,0,-0.4075720012187958,0.8222740292549133,0.3971790075302124,0,0.3610149919986725,-0.2544200122356415,0.8971840143203735,0,-5.694900035858154,4.453400135040283,0,1,0.8686270713806152,-0.4928298890590668,-0.05103836581110954,0,0.4946208596229553,0.8685470819473267,0.031253814697265625,0,0.028926542028784752,-0.05239253118634224,0.9982079863548279,0,-0.4966000020503998,5.762199878692627,0,1,0.9277781844139099,0.3731164336204529,-0.003280674573034048,0,-0.37228643894195557,0.926233172416687,0.05912698060274124,0,0.025099653750658035,-0.0536361001431942,0.9982450008392334,0,-1.62909996509552,8.78339958190918,0,1,0.9996240139007568,0.013454127125442028,0.023888031020760536,0,-0.018778137862682343,0.9708379507064819,0.23899830877780914,0,-0.019975990056991577,-0.23935732245445251,0.970725953578949,0,0,7.103700160980225,0.20679999887943268,1,0.9981359839439392,-0.06103593483567238,0.00007398871093755588,0,0.06101993843913078,0.9978939890861511,0.021993497386574745,0,-0.0014170145150274038,-0.021948497742414474,0.9997580051422119,0,0.2563999891281128,12.015800476074219,0,1,0.9993109703063965,0.03707006946206093,-0.002023993292823434,0,-0.03701407089829445,0.999053955078125,0.02284156158566475,0,0.002869019750505686,-0.02275056019425392,0.999737024307251,0,-0.26829999685287476,9.354599952697754,0,1,-0.01745324581861496,-0.07125004380941391,0.9973059892654419,0,-0.8171519041061401,-0.5737641453742981,-0.05529223009943962,0,0.5761581063270569,-0.8159158825874329,-0.04820888116955757,0,-8.985099792480469,22.391700744628906,-0.11540000140666962,1,0.9291163086891174,-0.31296998262405396,0.19696103036403656,0,0.12377810478210449,0.7651200294494629,0.631878137588501,0,-0.348457396030426,-0.5627084970474243,0.7496249079704285,0,0,19.728599548339844,0,1,0.9383041262626648,-0.345795601606369,-0.0031819953583180904,0,0.34580960869789124,0.9382340908050537,0.011487986892461777,0,-0.0009869951754808426,-0.011878985911607742,0.9999290108680725,0,0,44.090999603271484,0,1,0.7881590723991394,-0.04784505441784859,0.6136090755462646,0,-0.059445664286613464,0.9863948822021484,0.15326838195323944,0,-0.6125940084457397,-0.15727567672729492,0.7745919227600098,0,0,48.967098236083984,0,1,0.8731329441070557,-0.4512430727481842,0.18444199860095978,0,0.3572850525379181,0.8497639298439026,0.3876180648803711,0,-0.3316420614719391,-0.2725430428981781,0.9031800031661987,0,5.2565999031066895,4.92609977722168,0,1,0.8818479776382446,0.46845194697380066,-0.053825005888938904,0,-0.4698249399662018,0.8826180100440979,-0.015786049887537956,0,0.04011198505759239,0.03920904919505119,0.9984260201454163,0,0.47440001368522644,5.74370002746582,0,1,0.9649689793586731,-0.25098899006843567,-0.07641799747943878,0,0.25519299507141113,0.9655309915542603,0.05124000459909439,0,0.060923002660274506,-0.06894700974225998,0.9957579970359802,0,1.5963000059127808,8.556099891662598,0,1,0.9997320175170898,-0.02090398408472538,-0.00997401773929596,0,0.022642990574240685,0.9726808667182922,0.23104146122932434,0,0.00487201102077961,-0.23120546340942383,0.9728928804397583,0,0,6.166900157928467,0.13590000569820404,1,0.9990339875221252,0.043918974697589874,0.0015230049612000585,0,-0.04391397535800934,0.9963879585266113,0.07268243283033371,0,0.001675011357292533,-0.07267843186855316,0.9973539113998413,0,-0.21469999849796295,12.213299751281738,0,1,0.9992790222167969,-0.037873025983572006,-0.0028040113393217325,0,0.037891026586294174,0.9893309473991394,0.14066950976848602,0,-0.002554012695327401,-0.14067450165748596,0.9900529384613037,0,0.1623000055551529,9.774499893188477,0,1,-0.9980440139770508,-0.05124721676111221,0.035795241594314575,0,0.060884252190589905,-0.9266773462295532,0.3708938956260681,0,0.01416324544698,0.3723479211330414,0.9279853701591492,0,15.941800117492676,-9.799699783325195,-0.26739999651908875,1,0.9894090294837952,0.1298590451478958,0.06486085802316666,0,-0.00008508709288435057,0.44735559821128845,-0.8943561911582947,0,-0.14515598118305206,0.8848781585693359,0.4426286518573761,0,0,71.62689971923828,0,1,0.9570500254631042,0.04350803419947624,0.2866400182247162,0,-0.27540895342826843,0.445331871509552,0.8519565463066101,0,-0.09058326482772827,-0.8943074941635132,0.438187837600708,0,0,54.548500061035156,0,1,0.9850768446922302,-0.04772057384252548,0.16536475718021393,0,-0.05767408013343811,0.813721776008606,0.5783852934837341,0,-0.1621619164943695,-0.5792912244796753,0.7988265752792358,0,0,33.84659957885742,0,1,-0.9862249493598938,-0.164535254240036,-0.016996605321764946,0,0.16440726816654205,-0.9863539338111877,0.008668636903166771,0,-0.018190737813711166,0.005754695739597082,0.9998180270195007,0,-15.941800117492676,-9.799699783325195,-0.705299973487854,1,0.9961140155792236,-0.00041900287033058703,-0.08807215839624405,0,-0.011587022803723812,0.9906730055809021,-0.13576802611351013,0,0.08730815351009369,0.13626103103160858,0.9868180155754089,0,0,71.59709930419922,0,1,0.9587408900260925,-0.1691131889820099,-0.22851033508777618,0,0.28232139348983765,0.47215214371681213,0.8350847363471985,0,-0.03333192691206932,-0.8651428818702698,0.5004162192344666,0,0,54.51089859008789,0,1,0.9932249784469604,0.014864932745695114,-0.11524990946054459,0,0.06437994539737701,0.7552732825279236,0.6522396206855774,0,0.09674091637134552,-0.6552406549453735,0.7491992712020874,0,0,33.96849822998047,0,1
K0.100,0.09821899980306625,-0.049368999898433685,-0.9939389824867249,0,0.03528299927711487,0.9983140230178833,-0.04610000178217888,0,0.9945390224456787,-0.03054100088775158,0.09979599714279175,0,-1.4927480220794678,156.52825927734375,-1.4604580402374268,1,0.991523027420044,0.030642999336123466,0.1262650042772293,0,-0.03440200164914131,0.999023973941803,0.02770099975168705,0,-0.12529300153255463,-0.03181000053882599,0.9916099905967712,0,0,17.628299713134766,-0.6212999820709229,1,0.9636200070381165,0.02241400070488453,0.26633399724960327,0,-0.029374999925494194,0.9993219971656799,0.022179000079631805,0,-0.2656559944152832,-0.0291959997266531,0.9636260271072388,0,0,20.579200744628906,0,1,0.9635900259017944,0.02845899946987629,0.2658649981021881,0,-0.0344570018351078,0.9992449879646301,0.017924999818205833,0,-0.26515498757362366,-0.026434000581502914,0.9638440012931824,0,0,23.518999099731445,0,1,0.9939479827880859,0.010808000341057777,0.10931999981403351,0,-0.02341499924659729,0.9931240081787109,0.11470600217580795,0,-0.10732900351285934,-0.11657100170850754,0.9873660206794739,0,0,26.458900451660156,0,1,0.7601500153541565,0.1506109982728958,0.6320509910583496,0,-0.01674799993634224,0.9769830107688904,-0.2126609981060028,0,-0.6495320200920105,0.15106800198554993,0.7451750040054321,0,0,15.508999824523926,1.8286999464035034,1,0.3411479890346527,0.017345000058412552,-0.9398490190505981,0,0.7267640233039856,-0.6389880180358887,0.2520099878311157,0,-0.5961809754371643,-0.7690209746360779,-0.23059499263763428,0,8.985099792480469,22.393600463867188,-0.1712000072002411,1,0.9690279960632324,-0.23336899280548096,0.08076199889183044,0,0.12901900708675385,0.7572889924049377,0.6402080059051514,0,-0.21056599915027618,-0.6099600195884705,0.7639439702033997,0,0,19.728599548339844,0,1,0.9972460269927979,0.0741569995880127,0.0011820000363513827,0,-0.07416000217199326,0.9972429871559143,0.002609000075608492,0,-0.0009850000496953726,-0.002689999993890524,0.9999960064888,0,0,44.092899322509766,0,1,0.6434190273284912,0.28968000411987305,-0.7085890173912048,0,-0.5286340117454529,0.8376259803771973,-0.13758200407028198,0,0.5536779761314392,0.4631060063838959,0.6920790076255798,0,0,48.932098388671875,0,1,0.8388839960098267,0.5088440179824829,-0.19326500594615936,0,-0.4073370099067688,0.8223919868469238,0.39717599749565125,0,0.36103999614715576,-0.25446099042892456,0.8971620202064514,0,-5.694900035858154,4.453400135040283,0,1,0.8685299754142761,-0.48551300168037415,-0.09966599941253662,0,0.4901700019836426,0.8711889982223511,0.0276309996843338,0,0.07341299951076508,-0.0728520005941391,0.9946370124816895,0,-0.4966000020503998,5.762199878692627,0,1,0.9165089726448059,0.3995009958744049,-0.02027199976146221,0,-0.3976370096206665,0.9154070019721985,0.06256700307130814,0,0.04355200007557869,-0.049281999468803406,0.9978349804878235,0,-1.62909996509552,8.78339958190918,0,1,0.9998250007629395,0.0032940004020929337,0.018417999148368835,0,-0.006728000473231077,0.9818230271339417,0.18967899680137634,0,-0.017457999289035797,-0.18976999819278717,0.981673002243042,0,0,7.103700160980225,0.20679999887943268,1,0.9979919791221619,-0.06334099918603897,0.0005869999877177179,0,0.063339002430439,0.9979869723320007,0.0031070008408278227,0,-0.0007820000173524022,-0.0030630009714514017,0.9999949932098389,0,0.2563999891281128,12.015800476074219,0,1,0.9994189739227295,0.03401700034737587,-0.0021879998967051506,0,-0.034019000828266144,0.9994210004806519,-0.0009599989280104637,0,0.0021540001034736633,0.001033998909406364,0.9999970197677612,0,-0.26829999685287476,9.354599952697754,0,1,0.014402997680008411,-0.06607499718666077,0.9977110028266907,0,-0.8348199725151062,-0.5499839782714844,-0.024372002109885216,0,0.5503349900245667,-0.8325579762458801,-0.0630820021033287,0,-8.985099792480469,22.391700744628906,-0.11540000140666962,1,0.8891940116882324,-0.40376898646354675,0.21518400311470032,0,0.20077300071716309,0.7669619917869568,0.6094750165939331,0,-0.4111250042915344,-0.49873900413513184,0.763043999671936,0,0,19.728599548339844,0,1,0.913739025592804,-0.4062809944152832,-0.0039980001747608185,0,0.4062960147857666,0.9136419892311096,0.013496999628841877,0,-0.0018309999722987413,-0.013957000337541103,0.9999009966850281,0,0,44.090999603271484,0,1,0.8891590237617493,-0.0466499999165535,0.4552150070667267,0,-0.014722001738846302,0.9913589954376221,0.13034899532794952,0,-0.45736199617385864,-0.12260200083255768,0.8807889819145203,0,0,48.967098236083984,0,1,0.8628950119018555,-0.46906599402427673,0.18811799585819244,0,0.36505600810050964,0.8359230160713196,0.4098379909992218,0,-0.34949299693107605,-0.28497400879859924,0.892549991607666,0,5.2565999031066895,4.92609977722168,0,1,0.881505012512207,0.4671280086040497,-0.06885799765586853,0,-0.4695329964160919,0.8826069831848145,-0.02331800013780594,0,0.04988199844956398,0.052887000143527985,0.9973539710044861,0,0.47440001368522644,5.74370002746582,0,1,0.9644759893417358,-0.25316599011421204,-0.07545600086450577,0,0.2572160065174103,0.965071976184845,0.04976699873805046,0,0.06022199988365173,-0.06740699708461761,0.9959059953689575,0,1.5963000059127808,8.556099891662598,0,1,0.9997069835662842,-0.022916000336408615,-0.007751999888569117,0,0.023946000263094902,0.9829229712486267,0.18245400488376617,0,0.0034390001092106104,-0.18258599936962128,0.9831839799880981,0,0,6.166900157928467,0.13590000569820404,1,0.9989320039749146,0.04619700089097023,0.0009560000034980476,0,-0.04620400071144104,0.9984350204467773,0.03149599954485893,0,0.0005000000819563866,-0.03150700032711029,0.9995030164718628,0,-0.21469999849796295,12.213299751281738,0,1,0.9993879795074463,-0.03492800146341324,-0.0016870000399649143,0,0.03494499996304512,0.9957979917526245,0.08464699983596802,0,-0.001276999944821,-0.08465400338172913,0.9964100122451782,0,0.1623000055551529,9.774499893188477,0,1,-0.9986780285835266,-0.04354599863290787,0.027309000492095947,0,0.051235001534223557,-0.8859689831733704,0.4609059989452362,0,0.0041250004433095455,0.46169599890708923,0.8870279788970947,0,15.941800117492676,-9.799699783325195,-0.26739999651908875,1,0.9888889789581299,0.11965599656105042,0.08820799738168716,0,0.00954699981957674,0.5410259962081909,-0.8409519791603088,0,-0.14834800362586975,0.8324499726295471,0.5338720083236694,0,0,71.62689971923828,0,1,0.9615820050239563,0.04654200002551079,0.2705419957637787,0,-0.2661589980125427,0.39938199520111084,0.8772990107536316,0,-0.06721899658441544,-0.9156020283699036,0.3964270055294037,0,0,54.548500061035156,0,1,0.9955610036849976,0.002358997706323862,0.09408900141716003,0,-0.054269999265670776,0.8311430215835571,0.5534039735794067,0,-0.07689600437879562,-0.5560539960861206,0.827580988407135,0,0,33.84659957885742,0,1,-0.9896450042724609,-0.1283310055732727,-0.06429500132799149,0,0.13124899566173553,-0.9903979897499084,-0.04341299459338188,0,-0.05810600146651268,-0.05140199512243271,0.9969859719276428,0,-15.941800117492676,-9.799699783325195,-0.705299973487854,1,0.9991210103034973,0.015542998909950256,-0.038937002420425415,0,-0.022135000675916672,0.9843080043792725,-0.17506299912929535,0,0.03560500219464302,0.17577099800109863,0.9837870001792908,0,0,71.59709930419922,0,1,0.9646589756011963,-0.14879700541496277,-0.21746699512004852,0,0.26103100180625916,0.42691299319267273,0.8657990097999573,0,-0.035989001393318176,-0.8919669985771179,0.45066601037979126,0,0,54.51089859008789,0,1,0.9922379851341248,0.020743999630212784,-0.12261000275611877,0,0.06888499855995178,0.7291939854621887,0.6808310151100159,0,0.10352999716997147,-0.6839929819107056,0.7221050262451172,0,0,33.96849822998047,0,1
