0.933,30,27,41
B0,mixamorig_Hips,-1,0.06685087084770203,-0.02526361495256424,0.9973940849304199,0,-0.018796633929014206,0.9994673728942871,0.026549331843852997,0,-0.9975336194038391,-0.020519273355603218,0.0663394182920456,0,0.18607564270496368,152.4620819091797,-5.248978614807129,1
B1,mixamorig_Spine,0,0.9817910194396973,0.01229839026927948,-0.1894475668668747,0,-0.0071810949593782425,0.9995865821838379,0.027714431285858154,0,0.1897081583738327,-0.025835273787379265,0.981480062007904,0,0,17.628299713134766,-0.6212999820709229,1
B2,mixamorig_Spine1,1,0.9579307436943054,-0.017082156613469124,-0.2864845395088196,0,0.023604605346918106,0.9995339512825012,0.019337192177772522,0,0.2860211431980133,-0.025285910815000534,0.9578868746757507,0,0,20.579200744628906,0,1
B3,mixamorig_Spine2,2,0.9579393267631531,-0.023165885359048843,-0.28602728247642517,0,0.02867887169122696,0.9994733333587646,0.015105771832168102,0,0.28552696108818054,-0.022673605009913445,0.9581000208854675,0,0,23.518999099731445,0,1
B4,mixamorig_Neck,3,0.99626624584198,0.00804195087403059,-0.08595100045204163,0,0.0012796861119568348,0.9941633343696594,0.107845239341259,0,0.08631840348243713,-0.10755206644535065,0.9904422163963318,0,0,26.458900451660156,0,1
B5,mixamorig_Head,4,0.8008416295051575,-0.1350371539592743,-0.5834506154060364,0,0.004730758722871542,0.9756417274475098,-0.2193150371313095,0,0.5988553762435913,0.17287583649158478,0.781975507736206,0,0,15.508999824523926,1.8286999464035034,1
B6,mixamorig_HeadTop_End,5,1,0,0,0,0,1,0,0,0,0,1,0,0,49.277000427246094,5.810400009155273,1
B7,mixamorig_LeftShoulder,3,-0.0251277144998312,0.07394072413444519,-0.9968562126159668,0,0.8101338744163513,-0.5826578140258789,-0.0636204332113266,0,-0.5855491161346436,-0.8093430399894714,-0.04523857682943344,0,8.985099792480469,22.393600463867188,-0.1712000072002411,1
B8,mixamorig_LeftArm,7,0.9712795615196228,0.1279258280992508,-0.19706936180591583,0,0.028388239443302155,0.7683775424957275,0.6383980512619019,0,0.23321649432182312,-0.6268150806427002,0.7433035373687744,0,0,19.728599548339844,0,1
B9,mixamorig_LeftForeArm,8,0.9599581360816956,0.27982068061828613,0.002494259038940072,0,-0.27983182668685913,0.9599072933197021,0.009846345521509647,0,0.00036686097155325115,-0.010150398127734661,0.9999481439590454,0,0,44.092899322509766,0,1
B10,mixamorig_LeftHand,9,0.42168062925338745,0.04706995189189911,-0.9053604602813721,0,-0.2545485198497772,0.9641968011856079,-0.0679178237915039,0,0.8696770071983337,0.2592034339904785,0.41875988245010376,0,0,48.932098388671875,0,1
B11,mixamorig_LeftHandThumb1,10,0.8541930913925171,0.4730839729309082,-0.2157011330127716,0,-0.34249064326286316,0.8241013288497925,0.451151043176651,0,0.39120152592658997,-0.3114914894104004,0.8659840822219849,0,-5.694900035858154,4.453400135040283,0,1
B12,mixamorig_LeftHandThumb2,11,0.9240614771842957,-0.38116198778152466,0.028488554060459137,0,0.3821288049221039,0.9195595383644104,-0.09158056974411011,0,0.008711788803339005,0.09551636129617691,0.9953833222389221,0,-0.4966000020503998,5.762199878692627,0,1
B13,mixamorig_LeftHandThumb3,12,0.971767008304596,0.22435566782951355,0.07303346693515778,0,-0.22963233292102814,0.9704379439353943,0.07428772002458572,0,-0.05420750379562378,-0.0889613926410675,0.994558572769165,0,-1.62909996509552,8.78339958190918,0,1
B14,mixamorig_LeftHandThumb4,13,1,0,0,0,0,1,0,0,0,0,1,0,2.1256000995635986,7.931700229644775,0,1
B15,mixamorig_LeftHandIndex1,10,0.9999551773071289,0.008901066146790981,0.0009779358515515924,0,-0.008965419605374336,0.9976985454559326,0.0651557669043541,0,-0.0003516941505949944,-0.06516466289758682,0.9977413415908813,0,0,7.103700160980225,0.20679999887943268,1
B16,mixamorig_LeftHandIndex2,15,0.9987143874168396,-0.050664935261011124,-0.0016064585652202368,0,0.050561241805553436,0.9933608174324036,0.10309725999832153,0,-0.003622093005105853,-0.10304614156484604,0.9946461915969849,0,0.2563999891281128,12.015800476074219,0,1
B17,mixamorig_LeftHandIndex3,16,0.9990662932395935,0.04315152391791344,-0.0014684433117508888,0,-0.04293869808316231,0.996507465839386,0.07033943384885788,0,0.004521274007856846,-0.07020987570285797,0.9974327683448792,0,-0.26829999685287476,9.354599952697754,0,1
B18,mixamorig_LeftHandIndex4,17,1,0,0,0,0,1,0,0,0,0,1,0,0.011800000444054604,6.6996002197265625,0,1
B19,mixamorig_RightShoulder,3,0.3973848819732666,-0.004792384337633848,0.9176095128059387,0,-0.6991360783576965,-0.64925217628479,0.29939258098602295,0,0.5943359136581421,-0.7605535984039307,-0.26134148240089417,0,-8.985099792480469,22.391700744628906,-0.11540000140666962,1
B20,mixamorig_RightArm,19,0.9649429321289062,-0.23900669813156128,0.10497504472732544,0,0.16637401282787323,0.8712860345840454,0.4608099162578583,0,-0.2013011872768402,-0.4270739257335663,0.8807599544525146,0,0,19.728599548339844,0,1
B21,mixamorig_RightForeArm,20,0.9702743887901306,-0.2408462017774582,-0.002119490411132574,0,0.24085557460784912,0.9702416062355042,0.008001787588000298,0,0.00011104508303105831,-0.008274398744106293,0.9999653100967407,0,0,44.090999603271484,0,1
B22,mixamorig_RightHand,21,0.8875779509544373,-0.15068799257278442,0.4350174367427826,0,-0.0441506989300251,0.9126949906349182,0.40588247776031494,0,-0.45812055468559265,-0.37964507937431335,0.8035458922386169,0,0,48.967098236083984,0,1
B23,mixamorig_RightHandThumb1,22,0.8754655122756958,-0.42932718992233276,0.22187075018882751,0,0.3094470500946045,0.8506472110748291,0.42500579357147217,0,-0.3712035119533539,-0.30342501401901245,0.8775768876075745,0,5.2565999031066895,4.92609977722168,0,1
B24,mixamorig_RightHandThumb2,23,0.8384678363800049,0.5342661738395691,-0.10708241164684296,0,-0.5424864292144775,0.8369432091712952,-0.07191576063632965,0,0.05117832124233246,0.11840318143367767,0.9916402101516724,0,0.47440001368522644,5.74370002746582,0,1
B25,mixamorig_RightHandThumb3,24,0.9707624316215515,-0.23481279611587524,-0.04971674084663391,0,0.23776550590991974,0.969107985496521,0.06546937674283981,0,0.03280748426914215,-0.07537876814603806,0.9966146349906921,0,1.5963000059127808,8.556099891662598,0,1
B26,mixamorig_RightHandThumb4,25,1,0,0,0,0,1,0,0,0,0,1,0,-2.07069993019104,7.6097002029418945,0,1
B27,mixamorig_RightHandIndex1,22,0.9999241232872009,-0.011731489561498165,-0.0037172967568039894,0,0.012311743572354317,0.95619136095047,0.2924005091190338,0,0.00012087245704606175,-0.2924243211746216,0.9562629461288452,0,0,6.166900157928467,0.13590000569820404,1
B28,mixamorig_RightHandIndex2,27,0.9993724226951599,0.03530066832900047,0.002794455038383603,0,-0.03502849116921425,0.9739413261413574,0.22404895722866058,0,0.005186479073017836,-0.22400707006454468,0.9745670557022095,0,-0.21469999849796295,12.213299751281738,0,1
B29,mixamorig_RightHandIndex3,28,0.9989191889762878,-0.045957282185554504,-0.006933555472642183,0,0.045925021171569824,0.953093945980072,0.29915091395378113,0,-0.0071399821899831295,-0.29914590716362,0.9541738629341125,0,0.1623000055551529,9.774499893188477,0,1
B30,mixamorig_RightHandIndex4,29,1,0,0,0,0,1,0,0,0,0,1,0,0.052400000393390656,7.035299777984619,0,1
B31,mixamorig_LeftUpLeg,0,-0.9985213279724121,0.03763476014137268,-0.03875824064016342,0,-0.05180974677205086,-0.8638839721679688,0.5001921653747559,0,-0.014704407192766666,0.5014721155166626,0.8645526170730591,0,15.941800117492676,-9.799699783325195,-0.26739999651908875,1
B32,mixamorig_LeftLeg,31,0.9934155344963074,0.06743835657835007,0.09208578616380692,0,-0.011629309505224228,0.8627578616142273,-0.505100667476654,0,-0.1136530190706253,0.5006809830665588,0.8579217791557312,0,0,71.62689971923828,0,1
B33,mixamorig_LeftFoot,32,0.8851531147956848,0.04208802059292793,0.46274182200431824,0,-0.43422865867614746,0.4278120994567871,0.7917852401733398,0,-0.16537727415561676,-0.9023737907409668,0.396829217672348,0,0,54.548500061035156,0,1
B34,mixamorig_LeftToeBase,33,0.9953864216804504,0.0012415206292644143,0.09593023359775543,0,-0.05507030710577965,0.826215386390686,0.5606228709220886,0,-0.07856237143278122,-0.5633198022842407,0.8224719166755676,0,0,33.84659957885742,0,1
B35,mixamorig_LeftToe_End,34,1,0,0,0,0,1,0,0,0,0,1,0,0,12.724900245666504,0,1
B36,mixamorig_RightUpLeg,0,-0.9791598320007324,-0.016706017777323723,-0.20190919935703278,0,0.06618940830230713,-0.968363881111145,-0.24004197120666504,0,-0.19164420664310455,-0.24833065271377563,0.9493509531021118,0,-15.941800117492676,-9.799699783325195,-0.705299973487854,1
B37,mixamorig_RightLeg,36,0.9888243675231934,0.10131284594535828,0.10918261110782623,0,-0.09548994898796082,0.9936628341674805,-0.056365951895713806,0,-0.11427006870508194,0.04528441280126572,0.9922400116920471,0,0,71.59709930419922,0,1
B38,mixamorig_RightFoot,37,0.9627525210380554,-0.1620234102010727,-0.21621757745742798,0,0.25841495394706726,0.31903237104415894,0.9114344716072083,0,-0.0784531906247139,-0.933493971824646,0.3490116000175476,0,0,54.51089859008789,0,1
B39,mixamorig_RightToeBase,38,0.9941217303276062,0.009405422024428844,-0.10775060206651688,0,0.06024320051074028,0.7796699404716492,0.6229619979858398,0,0.08986282348632812,-0.6257928609848022,0.7745193839073181,0,0,33.96849822998047,0,1
B40,mixamorig_RightToe_End,39,1,0,0,0,0,1,0,0,0,0,1,0,0,12.887100219726562,0,1
@34,0,1,2,3,4,5,7,8,9,10,11,12,13,15,16,17,19,20,21,22,23,24,25,27,28,29,31,32,33,34,36,37,38,39
K0.000,0.05623399838805199,0.0950080007314682,0.9938870072364807,0,-0.02800700068473816,0.9952210187911987,-0.09354999661445618,0,-0.9980250000953674,-0.022575000301003456,0.058625999838113785,0,-0.8097249865531921,153.6663055419922,-0.32257699966430664,1,0.9769260287284851,-0.067562997341156,-0.20261099934577942,0,0.07577300071716309,0.9965779781341553,0.033031001687049866,0,0.19968600571155548,-0.04762199893593788,0.9787020087242126,0,0,17.628299713134766,-0.6212999820709229,1,0.95660001039505,-0.02706499956548214,-0.2901439964771271,0,0.034908000379800797,0.9991509914398193,0.021889999508857727,0,0.28930601477622986,-0.031067999079823494,0.9567319750785828,0,0,20.579200744628906,0,1,0.9565020203590393,-0.03317699953913689,-0.2898319959640503,0,0.03993700072169304,0.9990500211715698,0.017436999827623367,0,0.2889780104160309,-0.02825400047004223,0.9569190144538879,0,0,23.518999099731445,0,1,0.9954910278320312,-0.011834999546408653,-0.09411700069904327,0,0.02075899951159954,0.9953169822692871,0.09441199898719788,0,0.09255900233983994,-0.095940001308918,0.9910740256309509,0,0,26.458900451660156,0,1,0.7877230048179626,-0.1434199959039688,-0.5991020202636719,0,0.022916000336408615,0.9786700010299683,-0.20415399968624115,0,0.6156030297279358,0.14708800613880157,0.7742080092430115,0,0,15.508999824523926,1.8286999464035034,1,-0.06158199906349182,0.07830300182104111,-0.9950259923934937,0,0.8043010234832764,-0.5864279866218567,-0.09592700004577637,0,-0.5910220146179199,-0.8062080144882202,-0.026864999905228615,0,8.985099792480469,22.393600463867188,-0.1712000072002411,1,0.9636459946632385,0.11677999794483185,-0.2403080016374588,0,0.07000800222158432,0.7576339840888977,0.6489139795303345,0,0.25784599781036377,-0.6421470046043396,0.7219160199165344,0,0,19.728599548339844,0,1,0.9549769759178162,0.29666900634765625,0.002669000066816807,0,-0.2966800034046173,0.9549199938774109,0.010440000332891941,0,0.000547999981790781,-0.01076200045645237,0.9999420046806335,0,0,44.092899322509766,0,1,0.5749890208244324,0.08968300372362137,-0.8132309913635254,0,0.2053699940443039,0.9463289976119995,0.24956700205802917,0,0.7919660210609436,-0.3105120062828064,0.5257109999656677,0,0,48.932098388671875,0,1,0.8388519883155823,0.5089100003242493,-0.193231999874115,0,-0.40740999579429626,0.8223540186882019,0.3971790075302124,0,0.36103299260139465,-0.2544499933719635,0.897167980670929,0,-5.694900035858154,4.453400135040283,0,1,0.89137202501297,-0.4499169886112213,0.05504800006747246,0,0.4512859880924225,0.8922539949417114,-0.014946999959647655,0,-0.042392000555992126,0.03816600143909454,0.9983720183372498,0,-0.4966000020503998,5.762199878692627,0,1,0.9698290228843689,0.2339009940624237,0.06871499866247177,0,-0.23837900161743164,0.9689030051231384,0.06635800004005432,0,-0.05105699971318245,-0.08073599636554718,0.9954270124435425,0,-1.62909996509552,8.78339958190918,0,1,0.9987130165100098,0.040608000010252,0.030372999608516693,0,-0.04807300120592117,0.9488019943237305,0.3121910095214844,0,-0.016140999272465706,-0.31324899196624756,0.949533998966217,0,0,7.103700160980225,0.20679999887943268,1,0.9989929795265198,-0.044812001287937164,-0.0021810000762343407,0,0.04464000090956688,0.9879459738731384,0.1482200026512146,0,-0.004486999940127134,-0.14816799759864807,0.9889519810676575,0,0.2563999891281128,12.015800476074219,0,1,0.9984880089759827,0.054967001080513,0.0004250000056345016,0,-0.054301001131534576,0.9851469993591309,0.16290000081062317,0,0.008535999804735184,-0.16267600655555725,0.9866430163383484,0,-0.26829999685287476,9.354599952697754,0,1,0.35917899012565613,-0.018055999651551247,0.9330940246582031,0,-0.7409719824790955,-0.6133819818496704,0.27335500717163086,0,0.56740802526474,-0.7895799875259399,-0.23369300365447998,0,-8.985099792480469,22.391700744628906,-0.11540000140666962,1,0.9940869808197021,-0.10691499710083008,0.0190069992095232,0,0.07359100133180618,0.7919930219650269,0.606078028678894,0,-0.07985199987888336,-0.601095974445343,0.7951779961585999,0,0,19.728599548339844,0,1,0.927823007106781,-0.3730030059814453,-0.003530000103637576,0,0.37301701307296753,0.9277420043945312,0.012392000295221806,0,-0.0013470000121742487,-0.012814000248908997,0.9999169707298279,0,0,44.090999603271484,0,1,0.8191419839859009,-0.34862199425697327,0.455487996339798,0,0.4992170035839081,0.8243700265884399,-0.26682600378990173,0,-0.2824690043926239,0.4459550082683563,0.8493139743804932,0,0,48.967098236083984,0,1,0.8514289855957031,-0.48854899406433105,0.19075599312782288,0,0.37411201000213623,0.8206470012664795,0.4319469928741455,0,-0.36757099628448486,-0.2964079976081848,0.8814949989318848,0,5.2565999031066895,4.92609977722168,0,1,0.8908069729804993,0.4485650062561035,-0.0724719986319542,0,-0.4521400034427643,0.890887975692749,-0.04343700036406517,0,0.045079998672008514,0.07146099954843521,0.9964240193367004,0,0.47440001368522644,5.74370002746582,0,1,0.9649080038070679,-0.251257985830307,-0.07630500197410583,0,0.2554439902305603,0.965474009513855,0.05106600001454353,0,0.060839999467134476,-0.06876599788665771,0.9957759976387024,0,1.5963000059127808,8.556099891662598,0,1,0.9997810125350952,-0.01694300025701523,-0.01229500025510788,0,0.01990099996328354,0.9514619708061218,0.30712199211120605,0,0.00649499986320734,-0.3072989881038666,0.9515910148620605,0,0,6.166900157928467,0.13590000569820404,1,0.999210000038147,0.03966899961233139,0.0023189999628812075,0,-0.0395749993622303,0.9881669878959656,0.14818599820137024,0,0.003587000072002411,-0.14816099405288696,0.9889569878578186,0,-0.21469999849796295,12.213299751281738,0,1,0.9990969896316528,-0.04220400005578995,-0.004809000063687563,0,0.042204998433589935,0.9735249876976013,0.2246520072221756,0,-0.004798999987542629,-0.2246520072221756,0.9744269847869873,0,0.1623000055551529,9.774499893188477,0,1,-0.9763370156288147,0.20837299525737762,-0.05785899981856346,0,-0.2156520038843155,-0.9581040143966675,0.18849800527095795,0,-0.0161569993942976,0.19651499390602112,0.9803680181503296,0,15.941800117492676,-9.799699783325195,-0.26739999651908875,1,0.9954919815063477,-0.0028029999230057,0.09480000287294388,0,0.02740499936044216,0.9654250144958496,-0.2592349946498871,0,-0.09079500287771225,0.26066499948501587,0.9611499905586243,0,0,71.62689971923828,0,1,0.9278820157051086,0.19271999597549438,0.31920701265335083,0,-0.37281298637390137,0.464152991771698,0.803475022315979,0,0.006684999912977219,-0.8645349740982056,0.5025280117988586,0,0,54.548500061035156,0,1,0.9945880174636841,-0.0037799999117851257,0.10382799804210663,0,-0.058694999665021896,0.8041459918022156,0.591526985168457,0,-0.08572900295257568,-0.5944200158119202,0.7995719909667969,0,0,33.84659957885742,0,1,-0.9892839789390564,0.11123400181531906,-0.09457799792289734,0,-0.12376400083303452,-0.9825270175933838,0.13900500535964966,0,-0.07746300101280212,0.1492210030555725,0.9857649803161621,0,-15.941800117492676,-9.799699783325195,-0.705299973487854,1,0.9893730282783508,-0.13919900357723236,-0.04199900105595589,0,0.019169999286532402,0.4112190008163452,-0.9113349914550781,0,0.1441279947757721,0.900846004486084,0.40951699018478394,0,0,71.59709930419922,0,1,0.9570980072021484,-0.045827001333236694,-0.2861190140247345,0,0.24591800570487976,0.6507149934768677,0.7183970212936401,0,0.15325899422168732,-0.757938027381897,0.6340669989585876,0,0,54.51089859008789,0,1,0.9684640169143677,0.10252299904823303,-0.2270819991827011,0,0.06373699754476547,0.7791450023651123,0.6235949993133545,0,0.24086199700832367,-0.6184030175209045,0.7480390071868896,0,0,33.96849822998047,0,1
K0.033,0.06157313659787178,0.07638884335756302,0.9951750040054321,0,-0.028530016541481018,0.9967939853668213,-0.07474784553050995,0,-0.9976950287818909,-0.023789018392562866,0.06355513632297516,0,-0.0358748622238636,155.54971313476562,-0.5933869481086731,1,0.9825320839881897,-0.049393873661756516,-0.17941974103450775,0,0.05573085695505142,0.9979810118675232,0.030449988320469856,0,0.17755374312400818,-0.0399179570376873,0.983301043510437,0,0,17.628299713134766,-0.6212999820709229,1,0.9588090181350708,-0.02450898289680481,-0.2829909026622772,0,0.031983982771635056,0.9992499947547913,0.02182500623166561,0,0.28224390745162964,-0.029976997524499893,0.958873987197876,0,0,20.579200744628906,0,1,0.9587380290031433,-0.03057498298585415,-0.28264090418815613,0,0.0370129831135273,0.9991620182991028,0.017465004697442055,0,0.28187090158462524,-0.027205998077988625,0.9590669870376587,0,0,23.518999099731445,0,1,0.9948880076408386,-0.013925000093877316,-0.1000160500407219,0,0.024476012215018272,0.9941650032997131,0.10505606979131699,0,0.09796905517578125,-0.10696706920862198,0.9894239902496338,0,0,26.458900451660156,0,1,0.7747839093208313,-0.14909802377223969,-0.6143941283226013,0,0.03020397759974003,0.9794139862060547,-0.1995900422334671,0,0.6315041184425354,0.1360820233821869,0.7633379101753235,0,0,15.508999824523926,1.8286999464035034,1,-0.04818975552916527,0.07676395773887634,-0.9958840012550354,0,0.8059391379356384,-0.5859848856925964,-0.08416677266359329,0,-0.5900338888168335,-0.8066781163215637,-0.03362812101840973,0,8.985099792480469,22.393600463867188,-0.1712000072002411,1,0.9555407166481018,0.216139018535614,-0.2005639672279358,0,-0.03657189756631851,0.7618259787559509,0.646747887134552,0,0.29258260130882263,-0.6106585264205933,0.7358611226081848,0,0,19.728599548339844,0,1,0.9521418809890747,0.30564239621162415,0.002769004786387086,0,-0.305654376745224,0.9520818591117859,0.010755013674497604,0,0.0006510050152428448,-0.011087015271186829,0.9999380111694336,0,0,44.092899322509766,0,1,0.6253700852394104,0.07426588982343674,-0.7767860293388367,0,0.11986133456230164,0.9745051264762878,0.18966659903526306,0,0.7710670828819275,-0.21171835064888,0.6005252003669739,0,0,48.932098388671875,0,1,0.8589670658111572,0.4764869511127472,-0.1874449998140335,0,-0.39150193333625793,0.8471190333366394,0.35932594537734985,0,0.33000195026397705,-0.23526398837566376,0.9141929745674133,0,-5.694900035858154,4.453400135040283,0,1,0.8860549926757812,-0.46213504672050476,0.036567989736795425,0,0.4621480405330658,0.8867610096931458,0.008599054999649525,0,-0.036401014775037766,0.009280947968363762,0.9992939829826355,0,-0.4966000020503998,5.762199878692627,0,1,0.9700000286102295,0.23308099806308746,0.06909000128507614,0,-0.23762500286102295,0.9690420031547546,0.06702499091625214,0,-0.05132899805903435,-0.08143199235200882,0.995356023311615,0,-1.62909996509552,8.78339958190918,0,1,0.9987459778785706,0.040753986686468124,0.029079971835017204,0,-0.04732497036457062,0.9580191373825073,0.2827715277671814,0,-0.01633499749004841,-0.28379252552986145,0.9587461352348328,0,0,7.103700160980225,0.20679999887943268,1,0.9988009929656982,-0.04892805591225624,-0.0018069928046315908,0,0.04880405589938164,0.9919850826263428,0.11654556542634964,0,-0.0039099897257983685,-0.11649356782436371,0.9931840300559998,0,0.2563999891281128,12.015800476074219,0,1,0.9987170100212097,0.050643935799598694,-0.00040400950820185244,0,-0.05016893520951271,0.9903770685195923,0.12898249924182892,0,0.006931979209184647,-0.12879648804664612,0.9916470646858215,0,-0.26829999685287476,9.354599952697754,0,1,0.358070969581604,-0.01665499061346054,0.9335460066795349,0,-0.7340019345283508,-0.6229880452156067,0.2704189419746399,0,0.5770841240882874,-0.7820539474487305,-0.2352990061044693,0,-8.985099792480469,22.391700744628906,-0.11540000140666962,1,0.999718964099884,-0.0003258286160416901,-0.02370435930788517,0,0.015031321905553341,0.7819268703460693,0.6231881380081177,0,0.018332017585635185,-0.6233689785003662,0.7817128896713257,0,0,19.728599548339844,0,1,0.968934178352356,-0.24730795621871948,-0.0021639929618686438,0,0.24731695652008057,0.9688991904258728,0.008215965703129768,0,0.0000650071378913708,-0.008495965041220188,0.9999639987945557,0,0,44.090999603271484,0,1,0.7756915092468262,-0.36831194162368774,0.5124927163124084,0,0.5247771143913269,0.8275129795074463,-0.19957856833934784,0,-0.35058775544166565,0.42375603318214417,0.8351766467094421,0,0,48.967098236083984,0,1,0.8513820171356201,-0.4886530041694641,0.19070099294185638,0,0.374224990606308,0.8205900192260742,0.43195798993110657,0,-0.36756399273872375,-0.2963959872722626,0.8815019726753235,0,5.2565999031066895,4.92609977722168,0,1,0.8750388622283936,0.4830111861228943,-0.03174237161874771,0,-0.4836841821670532,0.8750488758087158,-0.018397826701402664,0,0.0188895370811224,0.03145153820514679,0.9993270039558411,0,0.47440001368522644,5.74370002746582,0,1,0.9424347877502441,-0.3322485685348511,-0.03779168426990509,0,0.3338625729084015,0.9412677884101868,0.05050007998943329,0,0.018793640658259392,-0.060209959745407104,0.9980090260505676,0,1.5963000059127808,8.556099891662598,0,1,0.9999330043792725,-0.005479895975440741,-0.010210976004600525,0,0.007988889701664448,0.9642530679702759,0.26486268639564514,0,0.008394002914428711,-0.2649266719818115,0.9642320871353149,0,0,6.166900157928467,0.13590000569820404,1,0.9990310072898865,0.043988026678562164,0.0015069928485900164,0,-0.043984025716781616,0.9964749813079834,0.07142849266529083,0,0.001639985479414463,-0.07142549008131027,0.9974449872970581,0,-0.21469999849796295,12.213299751281738,0,1,0.9992769956588745,-0.03790397197008133,-0.002816988853737712,0,0.0379219688475132,0.9892460703849792,0.14125843346118927,0,-0.0025679871905595064,-0.1412634402513504,0.9899690747261047,0,0.1623000055551529,9.774499893188477,0,1,-0.9814210534095764,0.19046474993228912,-0.023157604038715363,0,-0.1916467249393463,-0.9789110422134399,0.07073534280061722,0,-0.009195736609399319,0.07385928183794022,0.9972259998321533,0,15.941800117492676,-9.799699783325195,-0.26739999651908875,1,0.9945470094680786,0.00043999491026625037,0.10429083555936813,0,0.014445976354181767,0.9897699952125549,-0.14193594455718994,0,-0.10328684002161026,0.1426689475774765,0.9843670129776001,0,0,71.62689971923828,0,1,0.9461811184883118,0.18854780495166779,0.2630416750907898,0,-0.3226296007633209,0.4854368567466736,0.8125642538070679,0,0.025517074391245842,-0.8536981344223022,0.5201427936553955,0,0,54.548500061035156,0,1,0.9938439726829529,-0.008357069455087185,0.11047109961509705,0,-0.062039051204919815,0.7841606736183167,0.6174483299255371,0,-0.09178708493709564,-0.6205013394355774,0.7788156867027283,0,0,33.84659957885742,0,1,-0.9955229759216309,0.07232178747653961,-0.06085475534200668,0,-0.08597074449062347,-0.9603976607322693,0.26503610610961914,0,-0.03927674889564514,0.26908206939697266,0.9623156189918518,0,-15.941800117492676,-9.799699783325195,-0.705299973487854,1,0.9894970059394836,-0.13562895357608795,-0.049999140202999115,0,0.010080911219120026,0.40979939699172974,-0.9121198058128357,0,0.14420001208782196,0.9020358324050903,0.4068623483181,0,0,71.59709930419922,0,1,0.9559059739112854,-0.04736696928739548,-0.28982797265052795,0,0.26937106251716614,0.5345231294631958,0.8010774850845337,0,0.11697573214769363,-0.8438254594802856,0.523712158203125,0,0,54.51089859008789,0,1,0.9654971957206726,0.1049744263291359,-0.23831821978092194,0,0.06365591287612915,0.7922552227973938,0.6068606972694397,0,0.2525140643119812,-0.6010927557945251,0.7582374215126038,0,0,33.96849822998047,0,1
K0.067,0.07526086270809174,0.06105215102434158,0.9952930212020874,0,-0.030232982710003853,0.9978049993515015,-0.058920156210660934,0,-0.9967049956321716,-0.02565598115324974,0.07694186270236969,0,0.7773299217224121,156.52468872070312,-0.9836381077766418,1,0.9874179363250732,-0.03675412759184837,-0.1538032591342926,0,0.041737139225006104,0.9986990094184875,0.029296010732650757,0,0.15252625942230225,-0.03534604609012604,0.9876669645309448,0,0,17.628299713134766,-0.6212999820709229,1,0.9611930251121521,-0.02291501685976982,-0.27492308616638184,0,0.030211016535758972,0.9992939829826355,0.022333994507789612,0,0.2742180824279785,-0.029773002490401268,0.9612069725990295,0,0,20.579200744628906,0,1,0.9611449837684631,-0.02896001748740673,-0.2745200991630554,0,0.03526102006435394,0.9992150068283081,0.01804499514400959,0,0.2737821042537689,-0.027024002745747566,0.9614120125770569,0,0,23.518999099731445,0,1,0.9943400025367737,-0.013957000337541103,-0.10532494634389877,0,0.025796987116336823,0.9933850169181824,0.11189993470907211,0,0.10306695103645325,-0.11398393660783768,0.9881219863891602,0,0,26.458900451660156,0,1,0.7652671337127686,-0.1521729677915573,-0.6254668831825256,0,0.028041021898388863,0.9786139726638794,-0.20378296077251434,0,0.6431018710136414,0.13840897381305695,0.7531691193580627,0,0,15.508999824523926,1.8286999464035034,1,-0.02356824465095997,0.07238304615020752,-0.9970980286598206,0,0.8171628713607788,-0.5731770992279053,-0.060924232006073,0,-0.5759240984916687,-0.8162278532981873,-0.04563988000154495,0,8.985099792480469,22.393600463867188,-0.1712000072002411,1,0.9275103211402893,0.3171609938144684,-0.19782103598117828,0,-0.12646810710430145,0.7642719745635986,0.6323721408843994,0,0.3517524003982544,-0.5615134835243225,0.7489808797836304,0,0,19.728599548339844,0,1,0.9383131265640259,0.3457726240158081,0.003255995223298669,0,-0.34578561782836914,0.9382340908050537,0.01216798648238182,0,0.00115299504250288,-0.012542985379695892,0.9999210238456726,0,0,44.092899322509766,0,1,0.7318029403686523,0.06295111030340195,-0.6786019802093506,0,0.053505659103393555,0.9873439073562622,0.14929240942001343,0,0.6794118881225586,-0.14556165039539337,0.719173789024353,0,0,48.932098388671875,0,1,0.8629489541053772,0.46948206424713135,-0.186831995844841,0,-0.3864590525627136,0.8514379262924194,0.35454505681991577,0,0.3255290389060974,-0.23375201225280762,0.9161829948425293,0,-5.694900035858154,4.453400135040283,0,1,0.8837180137634277,-0.46667593717575073,0.03544701263308525,0,0.4664819836616516,0.8844190239906311,0.014059945940971375,0,-0.03791098669171333,0.004110051319003105,0.9992730021476746,0,-0.4966000020503998,5.762199878692627,0,1,0.9698820114135742,0.23364700376987457,0.06882599741220474,0,-0.23814499378204346,0.9689459800720215,0.06655600666999817,0,-0.051138002425432205,-0.08094200491905212,0.9954059720039368,0,-1.62909996509552,8.78339958190918,0,1,0.9988880157470703,0.039175014942884445,0.026221027597784996,0,-0.044272031635046005,0.9706588983535767,0.2363494634628296,0,-0.016192002221941948,-0.23724746704101562,0.9713138937950134,0,0,7.103700160980225,0.20679999887943268,1,0.9985129833221436,-0.05450994521379471,-0.0010860072216019034,0,0.05444294586777687,0.9958289265632629,0.07321343570947647,0,-0.0029090100433677435,-0.0731644332408905,0.9973159432411194,0,0.2563999891281128,12.015800476074219,0,1,0.9990209937095642,0.04421406239271164,-0.0013539905194193125,0,-0.04397106170654297,0.995932936668396,0.07863949984312057,0,0.004826020915061235,-0.07850349694490433,0.9969019293785095,0,-0.26829999685287476,9.354599952697754,0,1,0.35457903146743774,-0.015736009925603867,0.9348940253257751,0,-0.7281790375709534,-0.6318559646606445,0.26554206013679504,0,0.5865398645401001,-0.7749260663986206,-0.23550200462341309,0,-8.985099792480469,22.391700744628906,-0.11540000140666962,1,0.9913700819015503,0.11673884093761444,-0.059649642556905746,0,-0.05276232585310936,0.7718321084976196,0.6336338520050049,0,0.12000998854637146,-0.6250180006027222,0.7713301181793213,0,0,19.728599548339844,0,1,0.989693820476532,-0.1431940346956253,-0.0014750069240108132,0,0.14320002496242523,0.9896827936172485,0.004757034592330456,0,0.0007779928855597973,-0.004919035360217094,0.9999880194664001,0,0,44.090999603271484,0,1,0.7264804840087891,-0.3634100556373596,0.5832322835922241,0,0.5392018556594849,0.8276110291481018,-0.15595443546772003,0,-0.4260132610797882,0.427776962518692,0.7971943616867065,0,0,48.967098236083984,0,1,0.8513630032539368,-0.4886949956417084,0.1906770020723343,0,0.37427300214767456,0.8205670118331909,0.4319609999656677,0,-0.367561012506485,-0.29638999700546265,0.881505012512207,0,5.2565999031066895,4.92609977722168,0,1,0.8653551340103149,0.5001938343048096,0.03109937533736229,0,-0.5004058480262756,0.8657901287078857,-0.0010981719242408872,0,-0.027475539594888687,-0.014611542224884033,0.9995160102844238,0,0.47440001368522644,5.74370002746582,0,1,0.920731246471405,-0.39014843106269836,-0.006146314553916454,0,0.3898204267024994,0.9190342426300049,0.058441922068595886,0,-0.01715264283120632,-0.05620504170656204,0.9982720017433167,0,1.5963000059127808,8.556099891662598,0,1,0.9999579787254333,0.004918896593153477,-0.007752024102956057,0,-0.002990890759974718,0.9728319644927979,0.23149432241916656,0,0.00867999717593193,-0.2314613312482834,0.9728049635887146,0,0,6.166900157928467,0.13590000569820404,1,0.9989060163497925,0.046765975654125214,0.0007990070153027773,0,-0.04677197337150574,0.9986820220947266,0.021116498857736588,0,0.00019001441251020879,-0.021130498498678207,0.9997770190238953,0,-0.21469999849796295,12.213299751281738,0,1,0.9993879795074463,-0.034936029464006424,-0.0016890112310647964,0,0.03495403006672859,0.9957839250564575,0.08480455726385117,0,-0.0012800127733498812,-0.08481156080961227,0.9963959455490112,0,0.1623000055551529,9.774499893188477,0,1,-0.9862139225006104,0.16465125977993011,0.016492605209350586,0,-0.16458426415920258,-0.9863489270210266,0.005341649986803532,0,0.01714673824608326,0.002553708851337433,0.9998499751091003,0,15.941800117492676,-9.799699783325195,-0.26739999651908875,1,0.9960970282554626,-0.00006999493052717298,0.08826815336942673,0,0.012106023728847504,0.9906579852104187,-0.13582906126976013,0,-0.08743415772914886,0.136368066072464,0.9867920279502869,0,0,71.62689971923828,0,1,0.9584338665008545,0.16913819313049316,0.2297743260860443,0,-0.2834063768386841,0.4713991582393646,0.8351427912712097,0,0.03293892368674278,-0.8655489087104797,0.4997391998767853,0,0,54.548500061035156,0,1,0.9926810264587402,-0.015345930121839046,0.11978591233491898,0,-0.06722194701433182,0.7538062930107117,0.653649628162384,0,-0.10032591968774796,-0.6569176316261292,0.7472572922706604,0,0,33.84659957885742,0,1,-0.998045027256012,0.050969213247299194,-0.03616524487733841,0,-0.060815248638391495,-0.9253643751144409,0.37416791915893555,0,-0.014395248144865036,0.37563592195510864,0.9266553521156311,0,-15.941800117492676,-9.799699783325195,-0.705299973487854,1,0.9893450140953064,-0.13065405189990997,-0.06423085927963257,0,0.0012300880625844002,0.4486636221408844,-0.8936991691589355,0,0.14558398723602295,0.8840981721878052,0.44404464960098267,0,0,71.59709930419922,0,1,0.95728999376297,-0.04424303025007248,-0.2857230305671692,0,0.2747499346733093,0.44696685671806335,0.851312518119812,0,0.09004426747560501,-0.8934555053710938,0.44003283977508545,0,0,54.51089859008789,0,1,0.9857898354530334,0.047553569078445435,-0.16110876202583313,0,0.05504808574914932,0.8146807551383972,0.5772902965545654,0,0.158704936504364,-0.5779562592506409,0.8004865646362305,0,0,33.96849822998047,0,1
K0.100,0.09816599637269974,0.04978099837899208,0.9939240217208862,0,-0.035436999052762985,0.9982900023460388,-0.04650000110268593,0,-0.9945390224456787,-0.030657000839710236,0.09976200014352798,0,1.4896670579910278,156.5353240966797,-1.462391972541809,1,0.9915050268173218,-0.031067999079823494,-0.12630000710487366,0,0.03481699898838997,0.9990130066871643,0.02758600004017353,0,0.1253180056810379,-0.031748998910188675,0.9916080236434937,0,0,17.628299713134766,-0.6212999820709229,1,0.9636200070381165,-0.02241400070488453,-0.26633399724960327,0,0.029374999925494194,0.9993219971656799,0.022179000079631805,0,0.2656559944152832,-0.0291959997266531,0.9636260271072388,0,0,20.579200744628906,0,1,0.9635900259017944,-0.02845899946987629,-0.2658660113811493,0,0.0344570018351078,0.9992449879646301,0.017924999818205833,0,0.26515498757362366,-0.026434000581502914,0.9638429880142212,0,0,23.518999099731445,0,1,0.9939479827880859,-0.010808000341057777,-0.10931999981403351,0,0.02341499924659729,0.9931240081787109,0.11470600217580795,0,0.10732900351285934,-0.11657100170850754,0.9873660206794739,0,0,26.458900451660156,0,1,0.7601500153541565,-0.1506109982728958,-0.6320509910583496,0,0.01674799993634224,0.9769830107688904,-0.2126609981060028,0,0.6495320200920105,0.15106800198554993,0.7451750040054321,0,0,15.508999824523926,1.8286999464035034,1,0.008254998363554478,0.06702999770641327,-0.997717022895813,0,0.8350070118904114,-0.5494210124015808,-0.030004002153873444,0,-0.5501779913902283,-0.8328530192375183,-0.060506001114845276,0,8.985099792480469,22.393600463867188,-0.1712000072002411,1,0.8871510028839111,0.40786299109458923,-0.21589399874210358,0,-0.20352999866008759,0.7656819820404053,0.610168993473053,0,0.4141719937324524,-0.49737098813056946,0.762287974357605,0,0,19.728599548339844,0,1,0.9137510061264038,0.40625301003456116,0.004120000172406435,0,-0.40626901388168335,0.9136419892311096,0.014295999892055988,0,0.00204299995675683,-0.01473699975758791,0.9998890161514282,0,0,44.092899322509766,0,1,0.8458849787712097,0.058809999376535416,-0.5301129817962646,0,0.009567001834511757,0.9920700192451477,0.12532499432563782,0,0.5332800149917603,-0.11108200252056122,0.8386139869689941,0,0,48.932098388671875,0,1,0.8515620231628418,0.488411009311676,-0.19051699340343475,0,-0.3962950110435486,0.837611973285675,0.37597399950027466,0,0.34321001172065735,-0.2446639984846115,0.9068329930305481,0,-5.694900035858154,4.453400135040283,0,1,0.8829650282859802,-0.466713011264801,0.05050500109791756,0,0.46700701117515564,0.8842290043830872,0.006535000633448362,0,-0.04770800098776817,0.017815999686717987,0.9987019896507263,0,-0.4966000020503998,5.762199878692627,0,1,0.9694550037384033,0.2356880009174347,0.06787899881601334,0,-0.24002200365066528,0.9685969948768616,0.06487900018692017,0,-0.050457000732421875,-0.07919000089168549,0.9955819845199585,0,-1.62909996509552,8.78339958190918,0,1,0.9990220069885254,0.03773399814963341,0.02306699939072132,0,-0.04140400141477585,0.9813100099563599,0.18792900443077087,0,-0.015544000081717968,-0.18870000541210175,0.9819120168685913,0,0,7.103700160980225,0.20679999887943268,1,0.9982150197029114,-0.05972899869084358,-0.00018600004841573536,0,0.059702999889850616,0.9976930022239685,0.03230300173163414,0,-0.001744000008329749,-0.03225700184702873,0.9994779825210571,0,0.2563999891281128,12.015800476074219,0,1,0.9993109703063965,0.03704899922013283,-0.002025000052526593,0,-0.036993999034166336,0.9990580081939697,0.022683002054691315,0,0.0028639999218285084,-0.022592002525925636,0.9997410178184509,0,-0.26829999685287476,9.354599952697754,0,1,0.34679698944091797,-0.015720000490546227,0.9378089904785156,0,-0.72468501329422,-0.6392520070075989,0.2572700083255768,0,0.5954520106315613,-0.7688360214233398,-0.23308199644088745,0,-8.985099792480469,22.391700744628906,-0.11540000140666962,1,0.9679030179977417,0.23763300478458405,-0.08182000368833542,0,-0.13164499402046204,0.7566940188407898,0.6403779983520508,0,0.21408699452877045,-0.6090520024299622,0.7636899948120117,0,0,19.728599548339844,0,1,0.9972450137138367,-0.07416199892759323,-0.0012240000069141388,0,0.07416500151157379,0.9972429871559143,0.002463999902829528,0,0.0010379999876022339,-0.0025480000767856836,0.9999960064888,0,0,44.090999603271484,0,1,0.6908739805221558,-0.32606399059295654,0.6452720165252686,0,0.523190975189209,0.8414599895477295,-0.13496600091457367,0,-0.49896299839019775,0.4308449923992157,0.7519360184669495,0,0,48.967098236083984,0,1,0.8514599800109863,-0.4884819984436035,0.1907919943332672,0,0.37404000759124756,0.8206850290298462,0.4319379925727844,0,-0.367574006319046,-0.29641398787498474,0.881492018699646,0,5.2565999031066895,4.92609977722168,0,1,0.865119993686676,0.4951370060443878,0.0800430029630661,0,-0.4964140057563782,0.8680739998817444,-0.004480000119656324,0,-0.0717020034790039,-0.03585899993777275,0.9967809915542603,0,0.47440001368522644,5.74370002746582,0,1,0.9091839790344238,-0.41627100110054016,0.010176999494433403,0,0.41481900215148926,0.9075959920883179,0.06476499885320663,0,-0.03619600087404251,-0.05466099828481674,0.9978489875793457,0,1.5963000059127808,8.556099891662598,0,1,0.9999279975891113,0.01154400035738945,-0.0033030002377927303,0,-0.010754999704658985,0.9833840131759644,0.1812179982662201,0,0.0053400001488626,-0.1811700016260147,0.9834370017051697,0,0,6.166900157928467,0.13590000569820404,1,0.9988610148429871,0.04772200062870979,0.0004949999856762588,0,-0.04772299900650978,0.9988579750061035,0.002107000909745693,0,-0.0003939999733120203,-0.0021280008368194103,0.9999979734420776,0,-0.21469999849796295,12.213299751281738,0,1,0.9994320273399353,-0.03366699814796448,-0.0012649999698624015,0,0.033681999891996384,0.997573971748352,0.0609159991145134,0,-0.0007890000124461949,-0.06092400103807449,0.9981420040130615,0,0.1623000055551529,9.774499893188477,0,1,-0.989657998085022,0.12848100066184998,0.06379800289869308,0,-0.13157400488853455,-0.9901959896087646,-0.04689999669790268,0,0.05714699998497963,-0.054809994995594025,0.9968600273132324,0,15.941800117492676,-9.799699783325195,-0.26739999651908875,1,0.9991120100021362,-0.015786999836564064,0.03905600309371948,0,0.022384999319911003,0.984362006187439,-0.17472800612449646,0,-0.035687003284692764,0.1754480004310608,0.9838420152664185,0,0,71.62689971923828,0,1,0.9643920063972473,0.1487800031900406,0.21866199374198914,0,-0.2620770037174225,0.4264200031757355,0.8657259941101074,0,0.03556099906563759,-0.892204999923706,0.4502280056476593,0,0,54.548500061035156,0,1,0.9916530251502991,-0.021399000659585,0.12714800238609314,0,-0.07176099717617035,0.7276800274848938,0.6821529865264893,0,-0.10711999982595444,-0.6855829954147339,0.7200700044631958,0,0,33.84659957885742,0,1,-0.998678982257843,0.04330899938941002,-0.027651000767946243,0,-0.05119600147008896,-0.8846660256385803,0.4634059965610504,0,-0.0043920003809034824,0.4642089903354645,0.8857150077819824,0,-15.941800117492676,-9.799699783325195,-0.705299973487854,1,0.9888479709625244,-0.12027700245380402,-0.08782599866390228,0,-0.008460000157356262,0.5434020161628723,-0.8394299745559692,0,0.14868900179862976,0.8308119773864746,0.5363240242004395,0,0,71.59709930419922,0,1,0.9618170261383057,-0.04755200073122978,-0.2695299983024597,0,0.26547399163246155,0.4016059935092926,0.8764910101890564,0,0.06656599789857864,-0.9145770072937012,0.3988949954509735,0,0,54.51089859008789,0,1,0.9959740042686462,-0.0022769977804273367,-0.08961000293493271,0,0.05154300108551979,0.8324339985847473,0.55172199010849,0,0.07333800941705704,-0.5541200041770935,0.829200029373169,0,0,33.96849822998047,0,1
