0.967,30,29,41
B0,mixamorig_Hips,-1,0.9977173209190369,0.05941177159547806,0.032083019614219666,0,-0.060401033610105515,0.9976996779441833,0.030774375423789024,0,-0.030180923640727997,-0.032642196863889694,0.9990116953849792,0,4.462919235229492,149.1820526123047,3.7691211700439453,1
B1,mixamorig_Spine,0,0.9987666606903076,-0.04957311227917671,-0.0024653011932969093,0,0.04954225942492485,0.9987069964408875,-0.011438040062785149,0,0.0030290938448160887,0.011301759630441666,0.9999313354492188,0,0,17.628299713134766,-0.6212999820709229,1
B2,mixamorig_Spine1,1,0.9999248385429382,-0.012226473540067673,-0.0007645274745300412,0,0.012241051532328129,0.9996640682220459,0.022847209125757217,0,0.0004844271170441061,-0.022854598239064217,0.9997391104698181,0,0,20.579200744628906,0,1
B3,mixamorig_Spine2,2,0.9999248385429382,-0.012200071476399899,-0.0006869116332381964,0,0.012212662026286125,0.9996640682220459,0.022862374782562256,0,0.00040781719144433737,-0.022868769243359566,0.9997380971908569,0,0,23.518999099731445,0,1
B4,mixamorig_Neck,3,0.9999970197677612,-0.0023567595053464174,-0.0001868192048277706,0,0.002359582344070077,0.9998611211776733,0.016502171754837036,0,0.00014788401313126087,-0.016502153128385544,0.9998640418052673,0,0,26.458900451660156,0,1
B5,mixamorig_Head,4,0.9971122145652771,0.0683419480919838,0.03311235085129738,0,-0.06516219675540924,0.9938923716545105,-0.08905541896820068,0,-0.03899677097797394,0.08663957566022873,0.9954747557640076,0,0,15.508999824523926,1.8286999464035034,1
B6,mixamorig_HeadTop_End,5,1,0,0,0,0,1,0,0,0,0,1,0,0,49.277000427246094,5.810400009155273,1
B7,mixamorig_LeftShoulder,3,0.006881609093397856,0.013784847222268581,-0.9998811483383179,0,0.8339354395866394,-0.5518585443496704,-0.0018685320392251015,0,-0.5518180727958679,-0.8338236212730408,-0.015293629840016365,0,8.985099792480469,22.393600463867188,-0.1712000072002411,1
B8,mixamorig_LeftArm,7,0.8100376129150391,0.5507990121841431,-0.20114091038703918,0,-0.3653019666671753,0.7423449158668518,0.5616743564605713,0,0.4586850106716156,-0.3814998269081116,0.8025357723236084,0,0,19.728599548339844,0,1
B9,mixamorig_LeftForeArm,8,0.8178576827049255,0.5753117799758911,0.007494804449379444,0,-0.5753347873687744,0.8176261782646179,0.02024555206298828,0,0.005522230174392462,-0.020869094878435135,0.9997665286064148,0,0,44.092899322509766,0,1
B10,mixamorig_LeftHand,9,0.9060896039009094,0.4034856855869293,0.12727144360542297,0,-0.28243881464004517,0.8008347749710083,-0.5280979871749878,0,-0.31500643491744995,0.4425585865974426,0.8395892381668091,0,0,48.932098388671875,0,1
B11,mixamorig_LeftHandThumb1,10,0.846455991268158,0.4735729992389679,-0.24339500069618225,0,-0.4175170063972473,0.8740119934082031,0.24856099486351013,0,0.33044201135635376,-0.10877499729394913,0.9375370144844055,0,-5.694900035858154,4.453400135040283,0,1
B12,mixamorig_LeftHandThumb2,11,0.8440309762954712,-0.5308780074119568,0.07602500170469284,0,0.517441987991333,0.8433930277824402,0.1447100043296814,0,-0.14094200730323792,-0.08280099928379059,0.9865490198135376,0,-0.4966000020503998,5.762199878692627,0,1
B13,mixamorig_LeftHandThumb3,12,0.9800750017166138,0.18340300023555756,0.07626199722290039,0,-0.18925300240516663,0.9788069725036621,0.078234001994133,0,-0.060297999531030655,-0.09110800176858902,0.9940140247344971,0,-1.62909996509552,8.78339958190918,0,1
B14,mixamorig_LeftHandThumb4,13,1,0,0,0,0,1,0,0,0,0,1,0,2.1256000995635986,7.931700229644775,0,1
B15,mixamorig_LeftHandIndex1,10,0.9950910210609436,0.08033999800682068,0.05778399854898453,0,-0.09570100158452988,0.9298740029335022,0.3552109897136688,0,-0.02519400045275688,-0.3589969873428345,0.93299800157547,0,0,7.103700160980225,0.20679999887943268,1
B16,mixamorig_LeftHandIndex2,15,0.9998660087585449,-0.016327999532222748,-0.0011609940556809306,0,0.015645993873476982,0.9323809742927551,0.3611389994621277,0,-0.004815000109374523,-0.3611080050468445,0.9325109720230103,0,0.2563999891281128,12.015800476074219,0,1
B17,mixamorig_LeftHandIndex3,16,0.9996820092201233,0.025119999423623085,-0.0022500057239085436,0,-0.02521600015461445,0.997215986251831,-0.07017000019550323,0,0.00048100590356625617,0.0702040046453476,0.9975330233573914,0,-0.26829999685287476,9.354599952697754,0,1
B18,mixamorig_LeftHandIndex4,17,1,0,0,0,0,1,0,0,0,0,1,0,0.011800000444054604,6.6996002197265625,0,1
B19,mixamorig_RightShoulder,3,0.030999375507235527,-0.013673663139343262,0.9994258880615234,0,-0.8108475208282471,-0.5850067734718323,0.017146563157439232,0,0.5844367146492004,-0.8109132051467896,-0.02922172099351883,0,-8.985099792480469,22.391700744628906,-0.11540000140666962,1
B20,mixamorig_RightArm,19,0.9548815488815308,0.053807564079761505,0.2920721173286438,0,-0.24905318021774292,0.6808099150657654,0.68881756067276,0,-0.16178175806999207,-0.7304800748825073,0.6634935140609741,0,0,19.728599548339844,0,1
B21,mixamorig_RightForeArm,20,0.9684208631515503,-0.24928411841392517,-0.0021818443201482296,0,0.24929311871528625,0.9683849811553955,0.008281704969704151,0,0.00004723266829387285,-0.008563391864299774,0.9999630451202393,0,0,44.090999603271484,0,1
B22,mixamorig_RightHand,21,0.9928166270256042,-0.11925716698169708,-0.009481586515903473,0,0.11819396167993546,0.9900444746017456,-0.07642969489097595,0,0.01850239932537079,0.07476062327623367,0.9970296025276184,0,0,48.967098236083984,0,1
B23,mixamorig_RightHandThumb1,22,0.9247940182685852,-0.35977301001548767,0.12377699464559555,0,0.30043599009513855,0.8901429772377014,0.34261399507522583,0,-0.23344199359416962,-0.2796599864959717,0.9312869906425476,0,5.2565999031066895,4.92609977722168,0,1
B24,mixamorig_RightHandThumb2,23,0.9298179745674133,0.36363598704338074,-0.056638993322849274,0,-0.36691099405288696,0.9279119968414307,-0.06599199771881104,0,0.028558999300003052,0.08214099705219269,0.9962109923362732,0,0.47440001368522644,5.74370002746582,0,1
B25,mixamorig_RightHandThumb3,24,0.9798589944839478,-0.17986899614334106,-0.08674100041389465,0,0.1854349970817566,0.9807609915733337,0.06100200116634369,0,0.07410000264644623,-0.07585799694061279,0.9943609833717346,0,1.5963000059127808,8.556099891662598,0,1
B26,mixamorig_RightHandThumb4,25,1,0,0,0,0,1,0,0,0,0,1,0,-2.07069993019104,7.6097002029418945,0,1
B27,mixamorig_RightHandIndex1,22,0.9993910193443298,-0.023159999400377274,-0.026101000607013702,0,0.030280999839305878,0.9473180174827576,0.3188610076904297,0,0.017340999096632004,-0.3194580078125,0.9474419951438904,0,0,6.166900157928467,0.13590000569820404,1
B28,mixamorig_RightHandIndex2,27,0.9996299743652344,0.027046000584959984,0.0027719999197870493,0,-0.02621000073850155,0.9315659999847412,0.36262598633766174,0,0.007224999833852053,-0.3625650107860565,0.9319310188293457,0,-0.21469999849796295,12.213299751281738,0,1
B29,mixamorig_RightHandIndex3,28,0.9992539882659912,-0.038491006940603256,-0.003063000040128827,0,0.03850800171494484,0.987546980381012,0.15253899991512299,0,-0.0028470000252127647,-0.15254299342632294,0.9882929921150208,0,0.1623000055551529,9.774499893188477,0,1
B30,mixamorig_RightHandIndex4,29,1,0,0,0,0,1,0,0,0,0,1,0,0.052400000393390656,7.035299777984619,0,1
B31,mixamorig_LeftUpLeg,0,-0.9964696764945984,0.08339451253414154,0.009576820768415928,0,-0.06785337626934052,-0.867343544960022,0.4930453598499298,0,0.04942427575588226,0.49065515398979187,0.8699408769607544,0,15.941800117492676,-9.799699783325195,-0.26739999651908875,1
B32,mixamorig_LeftLeg,31,0.9984827041625977,-0.005544633604586124,0.054783038794994354,0,0.03337014839053154,0.8523152470588684,-0.5219616889953613,0,-0.043798938393592834,0.5229984521865845,0.8512071371078491,0,0,71.62689971923828,0,1
B33,mixamorig_LeftFoot,32,0.9676162004470825,0.13940377533435822,0.21044263243675232,0,-0.252414345741272,0.5261339545249939,0.8120726943016052,0,0.0024858370888978243,-0.8388927578926086,0.5442827939987183,0,0,54.548500061035156,0,1
B34,mixamorig_LeftToeBase,33,0.9937064051628113,-0.00919495802372694,0.11163964867591858,0,-0.06265679746866226,0.7805095911026001,0.6219941973686218,0,-0.0928548276424408,-0.6250747442245483,0.775020956993103,0,0,33.84659957885742,0,1
B35,mixamorig_LeftToe_End,34,1,0,0,0,0,1,0,0,0,0,1,0,0,12.724900245666504,0,1
B36,mixamorig_RightUpLeg,0,-0.9977331757545471,0.0572105310857296,-0.035415634512901306,0,-0.0635460838675499,-0.9742064476013184,0.21638135612010956,0,-0.022113922983407974,0.21814171969890594,0.9756346344947815,0,-15.941800117492676,-9.799699783325195,-0.705299973487854,1
B37,mixamorig_RightLeg,36,0.9996584057807922,0.025650780647993088,0.004641459323465824,0,-0.008726758882403374,0.49716147780418396,-0.8676052689552307,0,-0.024568114429712296,0.8672706484794617,0.4972175359725952,0,0,71.59709930419922,0,1
B38,mixamorig_RightFoot,37,0.9764009714126587,-0.06490953266620636,-0.20597563683986664,0,0.21562671661376953,0.3463822901248932,0.9129665493965149,0,0.01208573766052723,-0.9358344078063965,0.3522035479545593,0,0,54.51089859008789,0,1
B39,mixamorig_RightToeBase,38,0.9763871431350708,0.10726191103458405,-0.18751715123653412,0,0.13825081288814545,0.35673755407333374,0.9239184856414795,0,0.16599597036838531,-0.9280259609222412,0.3334842920303345,0,0,33.96849822998047,0,1
B40,mixamorig_RightToe_End,39,1,0,0,0,0,1,0,0,0,0,1,0,0,12.887100219726562,0,1
@34,0,1,2,3,4,5,7,8,9,10,11,12,13,15,16,17,19,20,21,22,23,24,25,27,28,29,31,32,33,34,36,37,38,39
K0.000,0.9992089867591858,-0.002848000032827258,0.03966299816966057,0,0.0006009999779053032,0.9983999729156494,0.05654300004243851,0,-0.039760999381542206,-0.05647499859333038,0.9976119995117188,0,-0.043191999197006226,152.9263458251953,0.7121809720993042,1,0.9995110034942627,-0.017534999176859856,-0.025880999863147736,0,0.017812000587582588,0.9997860193252563,0.010494999587535858,0,0.025691000744700432,-0.010951000265777111,0.9996100068092346,0,0,17.628299713134766,-0.6212999820709229,1,0.9998739957809448,-0.0053400001488626,-0.014945999719202518,0,0.005905999802052975,0.9992589950561523,0.03804299980401993,0,0.014732000418007374,-0.038127001374959946,0.9991639852523804,0,0,20.579200744628906,0,1,0.9998869895935059,-0.004951999988406897,-0.014208000153303146,0,0.005493000149726868,0.9992499947547913,0.03832799941301346,0,0.014007999561727047,-0.038401998579502106,0.9991639852523804,0,0,23.518999099731445,0,1,0.999983012676239,0.0005849999724887311,0.005739999935030937,0,-0.0006070000235922635,0.9999920129776001,0.00393400015309453,0,-0.0057379999198019505,-0.0039369999431073666,0.9999759793281555,0,0,26.458900451660156,0,1,0.995265007019043,0.06423699855804443,0.07294899970293045,0,-0.05414799973368645,0.9896720051765442,-0.1327269971370697,0,-0.08072199672460556,0.12814800441265106,0.9884639978408813,0,0,15.508999824523926,1.8286999464035034,1,0.00394000019878149,0.014016999863088131,-0.9998940229415894,0,0.8306310176849365,-0.5568050146102905,-0.004532000049948692,0,-0.5568090081214905,-0.8305249810218811,-0.013837000355124474,0,8.985099792480469,22.393600463867188,-0.1712000072002411,1,0.9146199822425842,0.1964530050754547,-0.3533790111541748,0,0.14302200078964233,0.6603050231933594,0.7372530102729797,0,0.37817299365997314,-0.7248470187187195,0.5758309960365295,0,0,19.728599548339844,0,1,0.9999989867210388,0,0.0010849999962374568,0,0,1,0,0,-0.0010849999962374568,0,0.9999989867210388,0,0,44.092899322509766,0,1,0.9717860221862793,0.19482100009918213,0.13295599818229675,0,-0.16490699350833893,0.9642220139503479,-0.20756299793720245,0,-0.1686369925737381,0.17978200316429138,0.9691439867019653,0,0,48.932098388671875,0,1,0.846455991268158,0.4735729992389679,-0.24339400231838226,0,-0.4175170063972473,0.8740119934082031,0.24856099486351013,0,0.3304409980773926,-0.10877499729394913,0.9375370144844055,0,-5.694900035858154,4.453400135040283,0,1,0.8440319895744324,-0.5308769941329956,0.07602500170469284,0,0.517441987991333,0.8433939814567566,0.1447100043296814,0,-0.14094200730323792,-0.08280199766159058,0.9865490198135376,0,-0.4966000020503998,5.762199878692627,0,1,0.9800750017166138,0.18340300023555756,0.07626199722290039,0,-0.18925300240516663,0.9788069725036621,0.078234001994133,0,-0.060297999531030655,-0.09110800176858902,0.9940140247344971,0,-1.62909996509552,8.78339958190918,0,1,0.9950910210609436,0.08033999800682068,0.05778399854898453,0,-0.09570100158452988,0.9298740029335022,0.3552109897136688,0,-0.02519500069320202,-0.3589969873428345,0.93299800157547,0,0,7.103700160980225,0.20679999887943268,1,0.9998660087585449,-0.016327999532222748,-0.0011609999928623438,0,0.01564599946141243,0.9323809742927551,0.3611389994621277,0,-0.004813999868929386,-0.3611089885234833,0.9325109720230103,0,0.2563999891281128,12.015800476074219,0,1,0.9996820092201233,0.025119999423623085,-0.0022499999031424522,0,-0.02521600015461445,0.997215986251831,-0.07017000019550323,0,0.00048099999548867345,0.07020500302314758,0.9975320100784302,0,-0.26829999685287476,9.354599952697754,0,1,0.04918399825692177,-0.013172999955713749,0.9987030029296875,0,-0.8132759928703308,-0.5809760093688965,0.032388001680374146,0,0.5797950029373169,-0.8138139843940735,-0.0392879992723465,0,-8.985099792480469,22.391700744628906,-0.11540000140666962,1,0.9185410141944885,-0.36717501282691956,0.14651000499725342,0,0.1911569982767105,0.7369250059127808,0.6483820080757141,0,-0.34603700041770935,-0.567559003829956,0.7470840215682983,0,0,19.728599548339844,0,1,0.8227409720420837,-0.5683730244636536,-0.007021000143140554,0,0.5683940052986145,0.8225399851799011,0.01888200081884861,0,-0.00495699979364872,-0.01952500082552433,0.999796986579895,0,0,44.090999603271484,0,1,0.9548689723014832,-0.24603499472141266,-0.1664080023765564,0,0.19889600574970245,0.9457290172576904,-0.25697699189186096,0,0.22060200572013855,0.2122810035943985,0.9519829750061035,0,0,48.967098236083984,0,1,0.924793004989624,-0.35977301001548767,0.12377600371837616,0,0.30043599009513855,0.8901429772377014,0.34261399507522583,0,-0.23344199359416962,-0.2796599864959717,0.9312869906425476,0,5.2565999031066895,4.92609977722168,0,1,0.9298179745674133,0.36363598704338074,-0.05663900077342987,0,-0.36691099405288696,0.9279119968414307,-0.06599099934101105,0,0.028558999300003052,0.08214099705219269,0.9962109923362732,0,0.47440001368522644,5.74370002746582,0,1,0.9798589944839478,-0.17986899614334106,-0.08674100041389465,0,0.1854349970817566,0.9807609915733337,0.06100200116634369,0,0.07410000264644623,-0.07585799694061279,0.9943609833717346,0,1.5963000059127808,8.556099891662598,0,1,0.9993910193443298,-0.023159999400377274,-0.026101000607013702,0,0.030280999839305878,0.9473170042037964,0.3188610076904297,0,0.01734199933707714,-0.3194580078125,0.9474419951438904,0,0,6.166900157928467,0.13590000569820404,1,0.9996299743652344,0.027046000584959984,0.0027719999197870493,0,-0.02621000073850155,0.9315659999847412,0.3626269996166229,0,0.007224999833852053,-0.3625650107860565,0.9319300055503845,0,-0.21469999849796295,12.213299751281738,0,1,0.9992539882659912,-0.03849099949002266,-0.003063000040128827,0,0.03850800171494484,0.987546980381012,0.15253899991512299,0,-0.0028470000252127647,-0.15254299342632294,0.9882929921150208,0,0.1623000055551529,9.774499893188477,0,1,-0.9974690079689026,-0.022769000381231308,0.06736399978399277,0,0.05558200180530548,-0.840516984462738,0.5389270186424255,0,0.04434899985790253,0.5413069725036621,0.8396549820899963,0,15.941800117492676,-9.799699783325195,-0.26739999651908875,1,0.9908519983291626,0.0866290032863617,0.10347799956798553,0,0.03932800143957138,0.5481299757957458,-0.8354679942131042,0,-0.12909500300884247,0.8318949937820435,0.5397080183029175,0,0,71.62689971923828,0,1,0.9700459837913513,0.010844999924302101,0.24267999827861786,0,-0.2154490053653717,0.4998979866504669,0.8388590216636658,0,-0.1122170016169548,-0.8660169839859009,0.48726001381874084,0,0,54.548500061035156,0,1,0.9916080236434937,-0.02150600031018257,0.12748299539089203,0,-0.06539200246334076,0.7671980261802673,0.6380680203437805,0,-0.11152700334787369,-0.6410499811172485,0.75935298204422,0,0,33.84659957885742,0,1,-0.9988020062446594,-0.04748699814081192,-0.0118429996073246,0,0.03973900154232979,-0.92814701795578,0.37008601427078247,0,-0.028566999360919,0.36917200684547424,0.9289219975471497,0,-15.941800117492676,-9.799699783325195,-0.705299973487854,1,0.998054027557373,0.06060200184583664,0.014701999723911285,0,-0.047947000712156296,0.8964939713478088,-0.44045498967170715,0,-0.039872001856565475,0.43889299035072327,0.8976539969444275,0,0,71.59709930419922,0,1,0.9647819995880127,-0.16490299999713898,-0.20494699478149414,0,0.2588379979133606,0.4562320113182068,0.8513839840888977,0,-0.04689300060272217,-0.8744480013847351,0.48284798860549927,0,0,54.51089859008789,0,1,0.9942439794540405,0.00867099966853857,-0.10679099708795547,0,0.059682998806238174,0.7829409837722778,0.6192269921302795,0,0.08897999674081802,-0.6220359802246094,0.7779160141944885,0,0,33.96849822998047,0,1
K0.033,0.9982249736785889,0.003311031498014927,0.059459224343299866,0,-0.006631039548665285,0.9984239935874939,0.05572294443845749,0,-0.059181224554777145,-0.05601794645190239,0.9966740012168884,0,0.07962585240602493,152.35560607910156,1.7521165609359741,1,0.9995459914207458,-0.024630025029182434,-0.01736092008650303,0,0.024754023179411888,0.9996700286865234,0.006911981385201216,0,0.017184920608997345,-0.007338979281485081,0.9998250007629395,0,0,17.628299713134766,-0.6212999820709229,1,0.9999250173568726,-0.0054849921725690365,-0.010988960973918438,0,0.005864990875124931,0.9993739724159241,0.03487797826528549,0,0.010790960863232613,-0.034939978271722794,0.999330997467041,0,0,20.579200744628906,0,1,0.9999340176582336,-0.005204992834478617,-0.010288961231708527,0,0.0055639916099607944,0.9993690252304077,0.03509397804737091,0,0.01009996049106121,-0.035147976130247116,0.999330997467041,0,0,23.518999099731445,0,1,0.9999960064888,0.000634990690741688,0.002569962525740266,0,-0.0006449905340559781,0.9999909996986389,0.004101020283997059,0,-0.002567962510511279,-0.004103020299226046,0.9999880194664001,0,0,26.458900451660156,0,1,0.9972649812698364,0.05931192263960838,0.044107675552368164,0,-0.05283196270465851,0.9893209934234619,-0.13583903014659882,0,-0.051692668348550797,0.133137047290802,0.989749014377594,0,0,15.508999824523926,1.8286999464035034,1,0.004348014947026968,0.013822998851537704,-0.9998949766159058,0,0.833296000957489,-0.5528129935264587,-0.004018986597657204,0,-0.5528110265731812,-0.8331909775733948,-0.013922007754445076,0,8.985099792480469,22.393600463867188,-0.1712000072002411,1,0.897432804107666,0.1604817658662796,-0.4109255075454712,0,0.22037465870380402,0.643849790096283,0.7327299118041992,0,0.38216403126716614,-0.7481332421302795,0.5424456596374512,0,0,19.728599548339844,0,1,0.9999989867210388,0.0013440391048789024,0.0010849999962374568,0,-0.0013440391048789024,0.9999989867210388,0.00004700138379121199,0,-0.0010849999962374568,-0.000049001420848071575,0.9999989867210388,0,0,44.092899322509766,0,1,0.9684409499168396,0.22129331529140472,0.11468105763196945,0,-0.19159826636314392,0.9552578926086426,-0.22532717883586884,0,-0.1594131588935852,0.19624410569667816,0.967509925365448,0,0,48.932098388671875,0,1,0.846455991268158,0.4735729992389679,-0.24339500069618225,0,-0.4175170063972473,0.8740119934082031,0.24856099486351013,0,0.33044201135635376,-0.10877499729394913,0.9375370144844055,0,-5.694900035858154,4.453400135040283,0,1,0.8440309762954712,-0.5308780074119568,0.07602500170469284,0,0.517441987991333,0.8433939814567566,0.1447100043296814,0,-0.14094200730323792,-0.08280099928379059,0.9865490198135376,0,-0.4966000020503998,5.762199878692627,0,1,0.9800750017166138,0.18340300023555756,0.07626199722290039,0,-0.18925300240516663,0.9788069725036621,0.078234001994133,0,-0.060297999531030655,-0.09110800176858902,0.9940140247344971,0,-1.62909996509552,8.78339958190918,0,1,0.9950910210609436,0.08033899962902069,0.05778399854898453,0,-0.09570100158452988,0.9298740029335022,0.3552109897136688,0,-0.02519500069320202,-0.3589969873428345,0.9329990148544312,0,0,7.103700160980225,0.20679999887943268,1,0.9998660087585449,-0.016327999532222748,-0.0011599999852478504,0,0.015644999220967293,0.9323809742927551,0.3611379861831665,0,-0.004815000109374523,-0.3611080050468445,0.9325119853019714,0,0.2563999891281128,12.015800476074219,0,1,0.9996820092201233,0.025119999423623085,-0.0022499999031424522,0,-0.02521600015461445,0.997215986251831,-0.07017000019550323,0,0.0004820000031031668,0.070203997194767,0.9975330233573914,0,-0.26829999685287476,9.354599952697754,0,1,0.04596196115016937,-0.013240000233054161,0.9988549947738647,0,-0.8133919835090637,-0.580955982208252,0.029726970940828323,0,0.5798969864845276,-0.8138269782066345,-0.0374709777534008,0,-8.985099792480469,22.391700744628906,-0.11540000140666962,1,0.9073298573493958,-0.3885941505432129,0.1604551523923874,0,0.19797901809215546,0.7316179275512695,0.6523340344429016,0,-0.3708852231502533,-0.5601149201393127,0.7407529354095459,0,0,19.728599548339844,0,1,0.7746025323867798,-0.6323895454406738,-0.008620016276836395,0,0.6324135661125183,0.7743455171585083,0.021009018644690514,0,-0.00661101657897234,-0.021725019440054893,0.9997419714927673,0,0,44.090999603271484,0,1,0.9553110003471375,-0.2522590160369873,-0.15410086512565613,0,0.2076970785856247,0.9437429904937744,-0.25731396675109863,0,0.21034087240695953,0.21380898356437683,0.9539610743522644,0,0,48.967098236083984,0,1,0.9247940182685852,-0.3597719967365265,0.12377600371837616,0,0.30043599009513855,0.8901429772377014,0.34261399507522583,0,-0.23344099521636963,-0.2796599864959717,0.9312869906425476,0,5.2565999031066895,4.92609977722168,0,1,0.9298179745674133,0.36363598704338074,-0.05663900077342987,0,-0.36691099405288696,0.9279119968414307,-0.06599099934101105,0,0.028558999300003052,0.08214099705219269,0.9962109923362732,0,0.47440001368522644,5.74370002746582,0,1,0.9798589944839478,-0.17986899614334106,-0.08674100041389465,0,0.1854349970817566,0.9807609915733337,0.06100200116634369,0,0.07410000264644623,-0.07585799694061279,0.9943609833717346,0,1.5963000059127808,8.556099891662598,0,1,0.9993910193443298,-0.023159999400377274,-0.026101000607013702,0,0.030280999839305878,0.9473180174827576,0.3188610076904297,0,0.017340999096632004,-0.3194569945335388,0.9474419951438904,0,0,6.166900157928467,0.13590000569820404,1,0.9996299743652344,0.027046000584959984,0.0027719999197870493,0,-0.02621000073850155,0.9315659999847412,0.3626269996166229,0,0.007224999833852053,-0.3625650107860565,0.9319300055503845,0,-0.21469999849796295,12.213299751281738,0,1,0.9992539882659912,-0.03849099949002266,-0.003063000040128827,0,0.03850800171494484,0.987546980381012,0.15253899991512299,0,-0.0028470000252127647,-0.15254299342632294,0.9882929921150208,0,0.1623000055551529,9.774499893188477,0,1,-0.996146023273468,-0.02256600372493267,0.08475613594055176,0,0.05892697349190712,-0.8879435062408447,0.4561619758605957,0,0.0649641826748848,0.4593989849090576,0.8858514428138733,0,15.941800117492676,-9.799699783325195,-0.26739999651908875,1,0.9935010671615601,0.06944544613361359,0.09018462896347046,0,0.043830953538417816,0.49780282378196716,-0.8661821484565735,0,-0.1050463318824768,0.8645051121711731,0.4915238916873932,0,0,71.62689971923828,0,1,0.978039026260376,-0.03860734775662422,0.20481283962726593,0,-0.16377472877502441,0.46542686223983765,0.8698021173477173,0,-0.12890620529651642,-0.8842440843582153,0.4488828182220459,0,0,54.548500061035156,0,1,0.9906589984893799,-0.03147407993674278,0.13268083333969116,0,-0.08521103113889694,0.6167541742324829,0.7825301289558411,0,-0.10646079480648041,-0.7865261435508728,0.6083111763000488,0,0,33.84659957885742,0,1,-0.9989640116691589,-0.04515000432729721,0.00573120079934597,0,0.04356008395552635,-0.9120157957077026,0.4078353941440582,0,-0.013186841271817684,0.40766242146492004,0.9130378365516663,0,-15.941800117492676,-9.799699783325195,-0.705299973487854,1,0.9982439875602722,0.055188942700624466,0.021500064060091972,0,-0.04096292331814766,0.9054849743843079,-0.4223959743976593,0,-0.042780034244060516,0.420773983001709,0.9061560034751892,0,0,71.59709930419922,0,1,0.9647290110588074,-0.17307904362678528,-0.19834694266319275,0,0.2600499987602234,0.5095634460449219,0.8201947212219238,0,-0.04088793694972992,-0.8428456783294678,0.5366004109382629,0,0,54.51089859008789,0,1,0.9941710233688354,0.009116009809076786,-0.1074250116944313,0,0.06001800671219826,0.7809459567070007,0.6217080354690552,0,0.08956101536750793,-0.6245310306549072,0.7758479118347168,0,0,33.96849822998047,0,1
K0.067,0.9966300129890442,0.006459968630224466,0.08177777379751205,0,-0.010573960840702057,0.9986940026283264,0.04997705668210983,0,-0.08134777843952179,-0.05067305266857147,0.9953969717025757,0,0.3647221624851227,151.1827850341797,2.815180540084839,1,0.9995930194854736,-0.026962976902723312,-0.009300080128014088,0,0.027010977268218994,0.9996219873428345,0.005039018578827381,0,0.00916007999330759,-0.005288020707666874,0.9999439716339111,0,0,17.628299713134766,-0.6212999820709229,1,0.9999639987945557,-0.0047090076841413975,-0.007039038930088282,0,0.004936009179800749,0.9994570016860962,0.032580021768808365,0,0.0068820384331047535,-0.03261402249336243,0.9994440078735352,0,0,20.579200744628906,0,1,0.999970018863678,-0.004528006538748741,-0.006338038947433233,0,0.004733008332550526,0.9994530081748962,0.03272402286529541,0,0.006187038961797953,-0.03275302052497864,0.9994440078735352,0,0,23.518999099731445,0,1,0.9999989867210388,-0.00029399077175185084,-0.0011709628161042929,0,0.0003009905922226608,0.9999809861183167,0.00615897960960865,0,0.001168962917290628,-0.0061599793843925,0.9999799728393555,0,0,26.458900451660156,0,1,0.9986119866371155,0.05136407911777496,0.01167732197791338,0,-0.04925303906202316,0.9891070127487183,-0.13871097564697266,0,-0.01867532730102539,0.13794295489788055,0.9902639985084534,0,0,15.508999824523926,1.8286999464035034,1,0.005839985329657793,0.013700000941753387,-0.9998890161514282,0,0.8349320292472839,-0.5503469705581665,-0.002664013532921672,0,-0.5503230094909668,-0.8348240256309509,-0.014652992598712444,0,8.985099792480469,22.393600463867188,-0.1712000072002411,1,0.8768981695175171,0.13703224062919617,-0.46073049306869507,0,0.28612834215164185,0.6213802099227905,0.7293950319290161,0,0.3862389624118805,-0.7714327573776245,0.505677342414856,0,0,19.728599548339844,0,1,0.9999859929084778,0.0052589611150324345,0.0010860000038519502,0,-0.0052589611150324345,0.9999859929084778,0.00018499862926546484,0,-0.0010849999962374568,-0.0001909985876409337,0.9999989867210388,0,0,44.092899322509766,0,1,0.9601600766181946,0.2522127032279968,0.1203349381685257,0,-0.21778874099254608,0.9451861381530762,-0.24329182505607605,0,-0.17509984970092773,0.2073908895254135,0.9624600410461426,0,0,48.932098388671875,0,1,0.846455991268158,0.4735729992389679,-0.24339500069618225,0,-0.4175170063972473,0.8740119934082031,0.24856099486351013,0,0.33044201135635376,-0.10877499729394913,0.9375370144844055,0,-5.694900035858154,4.453400135040283,0,1,0.8440309762954712,-0.5308780074119568,0.07602500170469284,0,0.517441987991333,0.8433939814567566,0.1447100043296814,0,-0.14094200730323792,-0.08280099928379059,0.9865490198135376,0,-0.4966000020503998,5.762199878692627,0,1,0.9800750017166138,0.18340300023555756,0.07626199722290039,0,-0.18925300240516663,0.9788069725036621,0.078234001994133,0,-0.06029700115323067,-0.09110800176858902,0.9940140247344971,0,-1.62909996509552,8.78339958190918,0,1,0.9950910210609436,0.08033999800682068,0.05778399854898453,0,-0.09570100158452988,0.9298740029335022,0.3552109897136688,0,-0.02519400045275688,-0.3589969873428345,0.93299800157547,0,0,7.103700160980225,0.20679999887943268,1,0.9998660087585449,-0.016327999532222748,-0.0011609999928623438,0,0.01564599946141243,0.9323809742927551,0.3611389994621277,0,-0.004815000109374523,-0.3611080050468445,0.9325109720230103,0,0.2563999891281128,12.015800476074219,0,1,0.9996820092201233,0.025119999423623085,-0.0022499999031424522,0,-0.02521600015461445,0.997215986251831,-0.07017000019550323,0,0.00048099999548867345,0.07020500302314758,0.9975320100784302,0,-0.26829999685287476,9.354599952697754,0,1,0.042228035628795624,-0.013274000026285648,0.999019980430603,0,-0.8149920105934143,-0.5788540244102478,0.02675803005695343,0,0.5779320001602173,-0.815322995185852,-0.03526202216744423,0,-8.985099792480469,22.391700744628906,-0.11540000140666962,1,0.8975251317024231,-0.40486985445022583,0.17472584545612335,0,0.19967398047447205,0.7264320850372314,0.657590925693512,0,-0.3931647837162018,-0.5553170442581177,0.7328330874443054,0,0,19.728599548339844,0,1,0.72616046667099,-0.6874494552612305,-0.010229984298348427,0,0.6874754428863525,0.7258484959602356,0.022837981581687927,0,-0.008274983614683151,-0.023616980761289597,0.9996870160102844,0,0,44.090999603271484,0,1,0.9565079808235168,-0.2558469772338867,-0.14012213051319122,0,0.21513792872428894,0.9431220293045044,-0.2534480392932892,0,0.19699613749980927,0.21227902173995972,0.957146942615509,0,0,48.967098236083984,0,1,0.9247940182685852,-0.35977301001548767,0.12377600371837616,0,0.30043599009513855,0.8901429772377014,0.34261399507522583,0,-0.23344199359416962,-0.2796599864959717,0.9312869906425476,0,5.2565999031066895,4.92609977722168,0,1,0.9298179745674133,0.36363598704338074,-0.05663900077342987,0,-0.36691099405288696,0.9279119968414307,-0.06599099934101105,0,0.028558999300003052,0.08214099705219269,0.9962109923362732,0,0.47440001368522644,5.74370002746582,0,1,0.9798589944839478,-0.17986899614334106,-0.08674100041389465,0,0.1854349970817566,0.9807609915733337,0.06100200116634369,0,0.07410000264644623,-0.07585799694061279,0.9943619966506958,0,1.5963000059127808,8.556099891662598,0,1,0.9993910193443298,-0.023159999400377274,-0.026101000607013702,0,0.030280999839305878,0.9473170042037964,0.3188619911670685,0,0.01734199933707714,-0.3194580078125,0.9474419951438904,0,0,6.166900157928467,0.13590000569820404,1,0.9996299743652344,0.027046000584959984,0.0027719999197870493,0,-0.02621000073850155,0.9315659999847412,0.36262598633766174,0,0.007224999833852053,-0.3625650107860565,0.9319300055503845,0,-0.21469999849796295,12.213299751281738,0,1,0.9992539882659912,-0.038492001593112946,-0.003063000040128827,0,0.03850800171494484,0.987546980381012,0.15253899991512299,0,-0.0028470000252127647,-0.15254299342632294,0.9882929921150208,0,0.1623000055551529,9.774499893188477,0,1,-0.9949380159378052,-0.02295999601483345,0.09782787412405014,0,0.0563020259141922,-0.9337565302848816,0.35345202684402466,0,0.0832328200340271,0.3571709990501404,0.930323600769043,0,15.941800117492676,-9.799699783325195,-0.26739999651908875,1,0.9985149502754211,0.014242548495531082,0.05259237438440323,0,0.03930104523897171,0.480284184217453,-0.8762319087982178,0,-0.03773866966366768,0.8769978880882263,0.47901010513305664,0,0,71.62689971923828,0,1,0.9792839884757996,-0.07308965921401978,0.18884216248989105,0,-0.13633227348327637,0.451569139957428,0.8817588686943054,0,-0.14972278475761414,-0.8892369270324707,0.43225017189979553,0,0,54.548500061035156,0,1,0.9924299716949463,-0.03924292325973511,0.11637616157531738,0,-0.08837097138166428,0.42985984683036804,0.8985608816146851,0,-0.08528821170330048,-0.9020418524742126,0.4231378436088562,0,0,33.84659957885742,0,1,-0.99863201379776,-0.04549999535083771,0.02577180042862892,0,0.05222391337156296,-0.8928942084312439,0.4472276270389557,0,0.002662842394784093,0.44796159863471985,0.8940491676330566,0,-15.941800117492676,-9.799699783325195,-0.705299973487854,1,0.9983850121498108,0.04950305446982384,0.027887936681509018,0,-0.03323308005928993,0.9068930149078369,-0.4200480282306671,0,-0.046084966510534286,0.418442040681839,0.9070730209350586,0,0,71.59709930419922,0,1,0.9650369882583618,-0.17809295654296875,-0.19231906533241272,0,0.2598409950733185,0.5535765886306763,0.7912243008613586,0,-0.03444806486368179,-0.813532292842865,0.5804975628852844,0,0,54.51089859008789,0,1,0.9940029978752136,0.01014999020844698,-0.10888298600912094,0,0.06079899147152901,0.7763150334358215,0.6274059414863586,0,0.09089598804712296,-0.6302629113197327,0.7710420489311218,0,0,33.96849822998047,0,1
K0.100,0.9945390224456787,0.008057000115513802,0.10405799746513367,0,-0.012299999594688416,0.9991160035133362,0.04019299894571304,0,-0.10364300012588501,-0.04125300049781799,0.9937589764595032,0,0.8705809712409973,149.53819274902344,3.782042980194092,1,0.9996799826622009,-0.02523300051689148,-0.0017230003140866756,0,0.02524000033736229,0.9996709823608398,0.004637999925762415,0,0.0016050003468990326,-0.004679999779909849,0.9999880194664001,0,0,17.628299713134766,-0.6212999820709229,1,0.9999889731407166,-0.00342700001783669,-0.003331000218167901,0,0.0035290000960230827,0.9995070099830627,0.03119399957358837,0,0.0032230003271251917,-0.03120500035583973,0.9995080232620239,0,0,20.579200744628906,0,1,0.9999909996986389,-0.003323999932035804,-0.0026350002735853195,0,0.003404000075533986,0.9995049834251404,0.03126800060272217,0,0.0025300001725554466,-0.031275998800992966,0.9995080232620239,0,0,23.518999099731445,0,1,0.999987006187439,-0.0016949998680502176,-0.004848000127822161,0,0.0017449998995289207,0.9999470114707947,0.010187000036239624,0,0.00482999999076128,-0.010195000097155571,0.9999359846115112,0,0,26.458900451660156,0,1,0.9989550113677979,0.04105300083756447,-0.020075997337698936,0,-0.04345500096678734,0.9893079996109009,-0.13921500742435455,0,0.014145998284220695,0.13994200527668,0.9900590181350708,0,0,15.508999824523926,1.8286999464035034,1,0.008310000412166119,0.013663999736309052,-0.9998720288276672,0,0.8353909850120544,-0.5496559739112854,-0.0005690001416951418,0,-0.5495929718017578,-0.8352789878845215,-0.01598300039768219,0,8.985099792480469,22.393600463867188,-0.1712000072002411,1,0.8604249954223633,0.12750299274921417,-0.493367999792099,0,0.32888901233673096,0.6005839705467224,0.7287870049476624,0,0.38923200964927673,-0.789330005645752,0.474822998046875,0,0,19.728599548339844,0,1,0.9999750256538391,0.006974999792873859,0.0010860000038519502,0,-0.006974999792873859,0.9999759793281555,0.00024500000290572643,0,-0.0010839999886229634,-0.0002530000056140125,0.9999989867210388,0,0,44.092899322509766,0,1,0.9519330263137817,0.27084100246429443,0.14306899905204773,0,-0.23242299258708954,0.9429100155830383,-0.23853999376296997,0,-0.19950799643993378,0.1938219964504242,0.960536003112793,0,0,48.932098388671875,0,1,0.846455991268158,0.4735729992389679,-0.24339400231838226,0,-0.4175170063972473,0.8740119934082031,0.24856199324131012,0,0.33044201135635376,-0.10877499729394913,0.9375370144844055,0,-5.694900035858154,4.453400135040283,0,1,0.8440309762954712,-0.5308780074119568,0.07602500170469284,0,0.517441987991333,0.8433939814567566,0.1447100043296814,0,-0.14094200730323792,-0.08280199766159058,0.9865490198135376,0,-0.4966000020503998,5.762199878692627,0,1,0.9800750017166138,0.18340300023555756,0.07626199722290039,0,-0.18925300240516663,0.9788069725036621,0.078234001994133,0,-0.060297999531030655,-0.09110800176858902,0.9940140247344971,0,-1.62909996509552,8.78339958190918,0,1,0.9950910210609436,0.08033999800682068,0.05778399854898453,0,-0.09570100158452988,0.9298740029335022,0.3552109897136688,0,-0.02519500069320202,-0.3589969873428345,0.93299800157547,0,0,7.103700160980225,0.20679999887943268,1,0.9998660087585449,-0.016327999532222748,-0.0011609999928623438,0,0.015644999220967293,0.9323809742927551,0.3611389994621277,0,-0.004815000109374523,-0.3611080050468445,0.9325109720230103,0,0.2563999891281128,12.015800476074219,0,1,0.9996820092201233,0.025119999423623085,-0.0022499999031424522,0,-0.02521600015461445,0.997215986251831,-0.07017000019550323,0,0.00048099999548867345,0.07020500302314758,0.9975330233573914,0,-0.26829999685287476,9.354599952697754,0,1,0.03871700167655945,-0.013296999968588352,0.9991620182991028,0,-0.8165439963340759,-0.5767859816551208,0.023964999243617058,0,0.575984001159668,-0.8167870044708252,-0.03318899869918823,0,-8.985099792480469,22.391700744628906,-0.11540000140666962,1,0.8922470211982727,-0.4107440114021301,0.18757499754428864,0,0.1936890035867691,0.7233899831771851,0.6627150177955627,0,-0.4078960120677948,-0.5549740195274353,0.7250000238418579,0,0,19.728599548339844,0,1,0.6836230158805847,-0.7297430038452148,-0.011642999947071075,0,0.7297710180282593,0.6832619905471802,0.024243000894784927,0,-0.009735999628901482,-0.02507000043988228,0.999638020992279,0,0,44.090999603271484,0,1,0.9594089984893799,-0.2547309994697571,-0.12102200090885162,0,0.21936899423599243,0.9437559843063354,-0.2473900020122528,0,0.1772329956293106,0.21080000698566437,0.9613280296325684,0,0,48.967098236083984,0,1,0.9247940182685852,-0.3597719967365265,0.12377600371837616,0,0.30043599009513855,0.890142023563385,0.34261399507522583,0,-0.23344199359416962,-0.27966099977493286,0.9312869906425476,0,5.2565999031066895,4.92609977722168,0,1,0.9298179745674133,0.36363598704338074,-0.056637998670339584,0,-0.36691099405288696,0.9279130101203918,-0.06599199771881104,0,0.028558000922203064,0.08214200288057327,0.9962109923362732,0,0.47440001368522644,5.74370002746582,0,1,0.9798589944839478,-0.17986899614334106,-0.08674100041389465,0,0.1854349970817566,0.9807609915733337,0.06100200116634369,0,0.07410000264644623,-0.07585799694061279,0.9943609833717346,0,1.5963000059127808,8.556099891662598,0,1,0.9993910193443298,-0.023159999400377274,-0.026101000607013702,0,0.030280999839305878,0.9473170042037964,0.3188619911670685,0,0.017340999096632004,-0.3194580078125,0.9474419951438904,0,0,6.166900157928467,0.13590000569820404,1,0.9996299743652344,0.027046000584959984,0.0027719999197870493,0,-0.02621000073850155,0.9315659999847412,0.36262598633766174,0,0.007224999833852053,-0.3625650107860565,0.9319310188293457,0,-0.21469999849796295,12.213299751281738,0,1,0.9992539882659912,-0.03849099949002266,-0.003063000040128827,0,0.03850800171494484,0.987546980381012,0.152538001537323,0,-0.0028470000252127647,-0.15254299342632294,0.9882929921150208,0,0.1623000055551529,9.774499893188477,0,1,-0.9943940043449402,-0.006496001034975052,0.10553500056266785,0,0.03093000128865242,-0.9723219871520996,0.23159100115299225,0,0.10110999643802643,0.23355700075626373,0.9670720100402832,0,15.941800117492676,-9.799699783325195,-0.26739999651908875,1,0.999442994594574,-0.026788998395204544,0.019909001886844635,0,0.03060000017285347,0.49722999334335327,-0.8670790195465088,0,0.01332899834960699,0.867205023765564,0.4977729916572571,0,0,71.62689971923828,0,1,0.9805830121040344,-0.03306199982762337,0.19329899549484253,0,-0.1639380007982254,0.40272200107574463,0.9005209803581238,0,-0.10761900246143341,-0.9147250056266785,0.3894819915294647,0,0,54.548500061035156,0,1,0.9884790182113647,-0.06300000101327896,0.13762399554252625,0,-0.10776200145483017,0.34556999802589417,0.9321849942207336,0,-0.10628599673509598,-0.9362760186195374,0.33479899168014526,0,0,33.84659957885742,0,1,-0.997996985912323,-0.046776000410318375,0.04258999973535538,0,0.061599001288414,-0.8718460202217102,0.4858910143375397,0,0.014403998851776123,0.48754099011421204,0.8729810118675232,0,-15.941800117492676,-9.799699783325195,-0.705299973487854,1,0.99822598695755,0.04720599949359894,0.03629099950194359,0,-0.027372999116778374,0.9050790071487427,-0.4243620038032532,0,-0.05287899821996689,0.4226149916648865,0.9047650098800659,0,0,71.59709930419922,0,1,0.9653469920158386,-0.18271300196647644,-0.18633399903774261,0,0.2594040036201477,0.5937640070915222,0.7616789937019348,0,-0.028529999777674675,-0.7836199998855591,0.620585024356842,0,0,54.51089859008789,0,1,0.993707001209259,0.01195400021970272,-0.1113710030913353,0,0.062164999544620514,0.7682510018348694,0.6371229887008667,0,0.09317699819803238,-0.6400370001792908,0.762673020362854,0,0,33.96849822998047,0,1
