0.767,30,23,41
B0,mixamorig_Hips,-1,0.9948212504386902,0.09146842360496521,0.04227197542786598,0,-0.09157641977071762,0.9957234263420105,0.0019041822524741292,0,-0.0419786311686039,-0.0058587160892784595,0.9990430474281311,0,7.963967323303223,154.56895446777344,2.4892988204956055,1
B1,mixamorig_Spine,0,0.9999592304229736,-0.003023463534191251,0.0021347091533243656,0,0.0029732119292020798,0.9995315670967102,0.029827089980244637,0,-0.0022381406743079424,-0.029853492975234985,0.9995310306549072,0,0,17.628299713134766,-0.6212999820709229,1
B2,mixamorig_Spine1,1,0.999504029750824,-0.02781556360423565,0.0031338108237832785,0,0.02773670293390751,0.9993069767951965,0.024319861084222794,0,-0.003811042057350278,-0.024287689477205276,0.9996055960655212,0,0,20.579200744628906,0,1
B3,mixamorig_Spine2,2,0.9992187023162842,-0.036477524787187576,0.005238106939941645,0,0.03671536222100258,0.9978533387184143,-0.05402709171175957,0,-0.0032602183055132627,0.05411619320511818,0.9984381794929504,0,0,23.518999099731445,0,1
B4,mixamorig_Neck,3,0.9982488751411438,-0.0586630180478096,-0.006378046702593565,0,0.05838744714856148,0.9974367618560791,-0.04055197909474373,0,0.008753705769777298,0.04011388495564461,0.999116837978363,0,0,26.458900451660156,0,1
B5,mixamorig_Head,4,0.9995924234390259,-0.01935170404613018,-0.0061681694351136684,0,0.019167853519320488,0.9993427991867065,-0.030036654323339462,0,0.006741223856806755,0.029780976474285126,0.9993541836738586,0,0,15.508999824523926,1.8286999464035034,1
B6,mixamorig_HeadTop_End,5,1,0,0,0,0,1,0,0,0,0,1,0,0,49.277000427246094,5.810400009155273,1
B7,mixamorig_LeftShoulder,3,0.2234734743833542,0.10230475664138794,-0.9690688848495483,0,0.8308367729187012,-0.5395146012306213,0.1347760260105133,0,-0.5090736746788025,-0.8356941342353821,-0.2054092437028885,0,8.985099792480469,22.393600463867188,-0.1712000072002411,1
B8,mixamorig_LeftArm,7,0.9766640067100525,-0.15278150141239166,-0.12540073692798615,0,0.1951717883348465,0.6729024052619934,0.7103933095932007,0,-0.024960612878203392,-0.7185377478599548,0.6924125552177429,0,0,19.728599548339844,0,1
B9,mixamorig_LeftForeArm,8,0.8837926983833313,0.46761029958724976,0.005174087360501289,0,-0.4676283001899719,0.8836449384689331,0.016455665230751038,0,0.0031304892618209124,-0.016962455585598946,0.9998512864112854,0,0,44.092899322509766,0,1
B10,mixamorig_LeftHand,9,0.6063294410705566,0.10684232413768768,-0.7874027490615845,0,-0.06611860543489456,0.9893380403518677,0.08027461916208267,0,0.7890132069587708,0.004053814802318811,0.6056735515594482,0,0,48.932098388671875,0,1
B11,mixamorig_LeftHandThumb1,10,0.6925764083862305,0.20331387221813202,-0.6920748353004456,0,-0.27903714776039124,0.9602212309837341,0.002871924778446555,0,0.6651853322982788,0.191131591796875,0.7217481136322021,0,-5.694900035858154,4.453400135040283,0,1
B12,mixamorig_LeftHandThumb2,11,0.8617606163024902,-0.39627450704574585,0.31664347648620605,0,0.2683836817741394,0.885895311832428,0.3782535791397095,0,-0.4304583966732025,-0.24097910523414612,0.8698393702507019,0,-0.4966000020503998,5.762199878692627,0,1
B13,mixamorig_LeftHandThumb3,12,0.80431067943573,0.549917995929718,-0.22062529623508453,0,-0.5531947612762451,0.8304508328437805,0.05729943513870239,0,0.2157355695962906,0.07556663453578949,0.9724746346473694,0,-1.62909996509552,8.78339958190918,0,1
B14,mixamorig_LeftHandThumb4,13,1,0,0,0,0,1,0,0,0,0,1,0,2.1256000995635986,7.931700229644775,0,1
B15,mixamorig_LeftHandIndex1,10,0.9889402985572815,0.03751256689429283,-0.1430480182170868,0,-0.008904763497412205,0.9798791408538818,0.19463971257209778,0,0.1479436457157135,-0.1911906599998474,0.9694324731826782,0,0,7.103700160980225,0.20679999887943268,1
B16,mixamorig_LeftHandIndex2,15,0.9996666312217712,-0.025733891874551773,-0.002195658627897501,0,0.025252891704440117,0.9560697674751282,0.2920497953891754,0,-0.005416329018771648,-0.29200780391693115,0.9564003944396973,0,0.2563999891281128,12.015800476074219,0,1
B17,mixamorig_LeftHandIndex3,16,0.999086320400238,0.042714107781648636,-0.0015286586713045835,0,-0.042516108602285385,0.9968522787094116,0.06691387295722961,0,0.004382036160677671,-0.06678786873817444,0.997757613658905,0,-0.26829999685287476,9.354599952697754,0,1
B18,mixamorig_LeftHandIndex4,17,1,0,0,0,0,1,0,0,0,0,1,0,0.011800000444054604,6.6996002197265625,0,1
B19,mixamorig_RightShoulder,3,0.15718795359134674,0.007536350749433041,0.9875386953353882,0,-0.9027928113937378,-0.40413698554039,0.14679400622844696,0,0.40020787715911865,-0.9146188497543335,-0.05671314895153046,0,-8.985099792480469,22.391700744628906,-0.11540000140666962,1
B20,mixamorig_RightArm,19,0.9842725396156311,-0.08304796367883682,0.14646948873996735,0,-0.060907214879989624,0.6314611434936523,0.7718971967697144,0,-0.15625111758708954,-0.768917441368103,0.6185442805290222,0,0,19.728599548339844,0,1
B21,mixamorig_RightForeArm,20,0.70718914270401,-0.7058522701263428,-0.010860011912882328,0,0.705879271030426,0.7068554162979126,0.02344955876469612,0,-0.008926734328269958,-0.024248622357845306,0.9996653199195862,0,0,44.090999603271484,0,1
B22,mixamorig_RightHand,21,0.6664470434188843,-0.36180517077445984,0.6483256220817566,0,0.5483141541481018,0.8286420106887817,-0.10254453122615814,0,-0.5003219246864319,0.42679139971733093,0.7513587474822998,0,0,48.967098236083984,0,1
B23,mixamorig_RightHandThumb1,22,0.8339326977729797,-0.3420757055282593,0.4328990876674652,0,0.23694805800914764,0.9305394291877747,0.2788182497024536,0,-0.4981933832168579,-0.130013570189476,0.8572150468826294,0,5.2565999031066895,4.92609977722168,0,1
B24,mixamorig_RightHandThumb2,23,0.9517585039138794,0.2952169179916382,0.0826929360628128,0,-0.27688682079315186,0.9436038732528687,-0.18115325272083282,0,-0.13148529827594757,0.14962610602378845,0.9798992872238159,0,0.47440001368522644,5.74370002746582,0,1
B25,mixamorig_RightHandThumb3,24,0.7467989921569824,-0.6474964618682861,-0.1517173796892166,0,0.6391201615333557,0.7618365287780762,-0.10542164742946625,0,0.18385539948940277,-0.018233243376016617,0.9827811121940613,0,1.5963000059127808,8.556099891662598,0,1
B26,mixamorig_RightHandThumb4,25,1,0,0,0,0,1,0,0,0,0,1,0,-2.07069993019104,7.6097002029418945,0,1
B27,mixamorig_RightHandIndex1,22,0.9975401759147644,-0.06825906038284302,-0.014924392104148865,0,0.06984694302082062,0.9819549918174744,0.17495408654212952,0,0.002632000483572483,-0.1755773276090622,0.9843324422836304,0,0,6.166900157928467,0.13590000569820404,1
B28,mixamorig_RightHandIndex2,27,0.9997623562812805,0.021695416420698166,0.0021122931502759457,0,-0.02033272199332714,0.893231987953186,0.449135959148407,0,0.00785768311470747,-0.44907262921333313,0.8934606313705444,0,-0.21469999849796295,12.213299751281738,0,1
B29,mixamorig_RightHandIndex3,28,0.9989339709281921,-0.04566654562950134,-0.0067554619163274765,0,0.0456385463476181,0.9549200534820557,0.29333290457725525,0,-0.006944473832845688,-0.2933282256126404,0.9559863805770874,0,0.1623000055551529,9.774499893188477,0,1
B30,mixamorig_RightHandIndex4,29,1,0,0,0,0,1,0,0,0,0,1,0,0.052400000393390656,7.035299777984619,0,1
B31,mixamorig_LeftUpLeg,0,-0.9873135089874268,0.13945332169532776,0.07072751969099045,0,-0.13124798238277435,-0.982400119304657,0.12125822901725769,0,0.08729548007249832,0.1107054054737091,0.9883965849876404,0,15.941800117492676,-9.799699783325195,-0.26739999651908875,1
B32,mixamorig_LeftLeg,31,0.996712327003479,-0.07048322260379791,-0.005137871019542217,0,0.06649801880121231,0.9548141956329346,-0.28942230343818665,0,0.025325719267129898,0.28818202018737793,0.9563477635383606,0,0,71.62689971923828,0,1
B33,mixamorig_LeftFoot,32,0.9618927240371704,0.18374337255954742,0.20238372683525085,0,-0.2636631727218628,0.4273392856121063,0.8642034530639648,0,0.07237116247415543,-0.8846295475959778,0.4595045745372772,0,0,54.548500061035156,0,1
B34,mixamorig_LeftToeBase,33,0.9937766194343567,-0.00876147672533989,0.11101552098989487,0,-0.062339842319488525,0.7824006080627441,0.619562566280365,0,-0.09228601306676865,-0.622628390789032,0.7769855260848999,0,0,33.84659957885742,0,1
B35,mixamorig_LeftToe_End,34,1,0,0,0,0,1,0,0,0,0,1,0,0,12.724900245666504,0,1
B36,mixamorig_RightUpLeg,0,-0.9883600473403931,0.1146315187215805,-0.09359867870807648,0,-0.1387767344713211,-0.9260327816009521,0.33743736147880554,0,-0.05111633613705635,0.34748008847236633,0.9319156408309937,0,-15.941800117492676,-9.799699783325195,-0.705299973487854,1
B37,mixamorig_RightLeg,36,0.9844582080841064,0.12472206354141235,0.12238755077123642,0,0.042802587151527405,0.49927541613578796,-0.862454891204834,0,-0.16914623975753784,0.8543233871459961,0.48604723811149597,0,0,71.59709930419922,0,1
B38,mixamorig_RightFoot,37,0.9106695652008057,-0.024068506434559822,-0.410224050283432,0,0.34346041083335876,0.5974859595298767,0.7216255068778992,0,0.22644950449466705,-0.798778772354126,0.5525585412979126,0,0,54.51089859008789,0,1
B39,mixamorig_RightToeBase,38,0.9665265679359436,0.11450663208961487,-0.2236265242099762,0,0.13711987435817719,0.4993348717689514,0.8546632528305054,0,0.21014362573623657,-0.8575953245162964,0.46610385179519653,0,0,33.96849822998047,0,1
B40,mixamorig_RightToe_End,39,1,0,0,0,0,1,0,0,0,0,1,0,0,12.887100219726562,0,1
@34,0,1,2,3,4,5,7,8,9,10,11,12,13,15,16,17,19,20,21,22,23,24,25,27,28,29,31,32,33,34,36,37,38,39
K0.000,0.9827200174331665,-0.06669999659061432,-0.17266100645065308,0,0.06484299898147583,0.9977610111236572,-0.01637900061905384,0,0.1733669936656952,0.004900000058114529,0.984844982624054,0,0.3171510100364685,154.92117309570312,0.5054789781570435,1,0.9989190101623535,0.044280000030994415,0.014171999879181385,0,-0.044419001787900925,0.9989659786224365,0.00970499962568283,0,-0.013728000223636627,-0.010324000380933285,0.9998520016670227,0,0,17.628299713134766,-0.6212999820709229,1,0.9991000294685364,0.012186000123620033,0.040619999170303345,0,-0.01334299985319376,0.9995089769363403,0.028335999697446823,0,-0.040254998952150345,-0.028852000832557678,0.9987729787826538,0,0,20.579200744628906,0,1,0.9991949796676636,0.005026000086218119,0.039795998483896255,0,-0.002985999919474125,0.9986860156059265,-0.05115300044417381,0,-0.040001001209020615,0.050992999225854874,0.9978979825973511,0,0,23.518999099731445,0,1,0.9996510148048401,-0.01669500023126602,0.020486999303102493,0,0.017169000580906868,0.9995840191841125,-0.0231929998844862,0,-0.02009199932217598,0.02353700064122677,0.999521017074585,0,0,26.458900451660156,0,1,0.9977390170097351,0.006990999914705753,0.06684999912977219,0,-0.005402000155299902,0.9996989965438843,-0.023910999298095703,0,-0.0669969990849495,0.023496000096201897,0.9974759817123413,0,0,15.508999824523926,1.8286999464035034,1,0.3414129912853241,0.13203899562358856,-0.9305930137634277,0,0.8761889934539795,-0.4030599892139435,0.2642650008201599,0,-0.3401910066604614,-0.905597984790802,-0.2533009946346283,0,8.985099792480469,22.393600463867188,-0.1712000072002411,1,0.9940159916877747,-0.10842400044202805,-0.013283999636769295,0,0.07563400268554688,0.5954049825668335,0.7998570203781128,0,-0.07881399989128113,-0.7960759997367859,0.600042998790741,0,0,19.728599548339844,0,1,0.8061230182647705,0.59169602394104,0.007907000370323658,0,-0.5917189717292786,0.8058760166168213,0.02082199975848198,0,0.005948000121861696,-0.021463999524712563,0.9997519850730896,0,0,44.092899322509766,0,1,0.7679880261421204,0.31119799613952637,-0.559777021408081,0,-0.36597299575805664,0.9305009841918945,0.015196999534964561,0,0.5256029963493347,0.1931920051574707,0.8285040259361267,0,0,48.932098388671875,0,1,0.7004029750823975,0.2741590142250061,-0.6589930057525635,0,-0.19676700234413147,0.9616760015487671,0.19095100462436676,0,0.6860889792442322,-0.00407399982213974,0.7275069952011108,0,-5.694900035858154,4.453400135040283,0,1,0.9134050011634827,-0.22947899997234344,0.336201012134552,0,0.15706700086593628,0.9606729745864868,0.2289929986000061,0,-0.3755280077457428,-0.15635700523853302,0.9135270118713379,0,-0.4966000020503998,5.762199878692627,0,1,0.8200370073318481,0.5443559885025024,-0.17667900025844574,0,-0.5383390188217163,0.8384619951248169,0.08469299972057343,0,0.19424200057983398,0.025661999359726906,0.9806180000305176,0,-1.62909996509552,8.78339958190918,0,1,0.9985479712486267,-0.05386999994516373,-0.0005590000073425472,0,0.05384000018239021,0.9982399940490723,-0.024846000596880913,0,0.0018970000091940165,0.024779999628663063,0.9996910095214844,0,0,7.103700160980225,0.20679999887943268,1,0.9996640086174011,-0.025832999497652054,-0.002203000010922551,0,0.02535399980843067,0.9562919735908508,0.2913140058517456,0,-0.005419000051915646,-0.29127100110054016,0.9566249847412109,0,0.2563999891281128,12.015800476074219,0,1,0.9990900158882141,0.042615000158548355,-0.001538999960757792,0,-0.042419999837875366,0.9969080090522766,0.06614299863576889,0,0.004352999851107597,-0.06601700186729431,0.9978089928627014,0,-0.26829999685287476,9.354599952697754,0,1,0.07580699771642685,0.013824000023305416,0.9970269799232483,0,-0.8708570003509521,-0.4860920011997223,0.07295399904251099,0,0.4856559932231903,-0.8737980127334595,-0.024810999631881714,0,-8.985099792480469,22.391700744628906,-0.11540000140666962,1,0.9144570231437683,0.2219720035791397,0.3383750021457672,0,-0.4010840058326721,0.6084039807319641,0.6848180294036865,0,-0.05385800078511238,-0.7619529962539673,0.6453880071640015,0,0,19.728599548339844,0,1,0.8434119820594788,-0.5372300148010254,-0.006333999801427126,0,0.5372499823570251,0.8432340025901794,0.017847999930381775,0,-0.004246999975293875,-0.018456000834703445,0.9998210072517395,0,0,44.090999603271484,0,1,0.7984539866447449,-0.15453700721263885,0.5818840265274048,0,0.10958799719810486,0.987654983997345,0.11192700266838074,0,-0.5919979810714722,-0.02560099959373474,0.8055329918861389,0,0,48.967098236083984,0,1,0.861752986907959,-0.3014639914035797,0.4080449938774109,0,0.23419000208377838,0.9498609900474548,0.20716899633407593,0,-0.4500400125980377,-0.08296900242567062,0.8891459703445435,0,5.2565999031066895,4.92609977722168,0,1,0.9485620260238647,0.2984580099582672,0.1056080013513565,0,-0.28200799226760864,0.9481480121612549,-0.14658500254154205,0,-0.14388099312782288,0.10926300287246704,0.9835450053215027,0,0.47440001368522644,5.74370002746582,0,1,0.7496529817581177,-0.6434140205383301,-0.1550460010766983,0,0.6354060173034668,0.7652289867401123,-0.10335700213909149,0,0.1851470023393631,-0.021035000681877136,0.9824860095977783,0,1.5963000059127808,8.556099891662598,0,1,0.9980599880218506,-0.05957899987697601,-0.018074000254273415,0,0.06201300024986267,0.9771320223808289,0.2033890038728714,0,0.005543000064790249,-0.20411600172519684,0.9789310097694397,0,0,6.166900157928467,0.13590000569820404,1,0.9997680187225342,0.021453000605106354,0.0020699999295175076,0,-0.020062999799847603,0.8912839889526367,0.4530009925365448,0,0.007872999645769596,-0.4529370069503784,0.8915079832077026,0,-0.21469999849796295,12.213299751281738,0,1,0.9989240169525146,-0.0458730012178421,-0.006881999783217907,0,0.0458419993519783,0.9536309838294983,0.2974669933319092,0,-0.007083000149577856,-0.29746299982070923,0.9547070264816284,0,0.1623000055551529,9.774499893188477,0,1,-0.9965450167655945,-0.08304499834775925,0.0012939999578520656,0,0.07875899970531464,-0.9399340152740479,0.3321459889411926,0,-0.026366999372839928,0.3310999870300293,0.9432269930839539,0,15.941800117492676,-9.799699783325195,-0.26739999651908875,1,0.9981979727745056,0.034988999366760254,-0.04875500127673149,0,-0.058545999228954315,0.3893429934978485,-0.9192299842834473,0,-0.013181000016629696,0.9204279780387878,0.39068999886512756,0,0,71.62689971923828,0,1,0.9758589863777161,0.0835530012845993,0.2017890065908432,0,-0.21516700088977814,0.5262429714202881,0.8226609826087952,0,-0.03745400160551071,-0.846219003200531,0.5315170288085938,0,0,54.548500061035156,0,1,0.9734129905700684,-0.08667100220918655,0.21202600002288818,0,-0.087567999958992,0.7145249843597412,0.6941080093383789,0,-0.21165700256824493,-0.6942200064659119,0.6879389882087708,0,0,33.84659957885742,0,1,-0.9704260230064392,-0.15739800035953522,-0.18302799761295319,0,0.1423480063676834,-0.9854639768600464,0.09272599965333939,0,-0.1949629932641983,0.06392999738454819,0.978725016117096,0,-15.941800117492676,-9.799699783325195,-0.705299973487854,1,0.9990869760513306,0.03624200075864792,0.02262900024652481,0,-0.029889000579714775,0.9712979793548584,-0.23598000407218933,0,-0.030532000586390495,0.23508800566196442,0.9714940190315247,0,0,71.59709930419922,0,1,0.9390199780464172,-0.17107200622558594,-0.2982870042324066,0,0.343515008687973,0.42776399850845337,0.8360710144042969,0,-0.015430999919772148,-0.8875539898872375,0.46044498682022095,0,0,54.51089859008789,0,1,0.9946550130844116,0.006122000049799681,-0.10306999832391739,0,0.057767998427152634,0.7943879961967468,0.604656994342804,0,0.0855799987912178,-0.6073799729347229,0.7897890210151672,0,0,33.96849822998047,0,1
K0.033,0.9935210347175598,-0.029492657631635666,-0.10975607484579086,0,0.031844642013311386,0.9992979764938354,0.019745241850614548,0,0.10909608006477356,-0.023112209513783455,0.9937620759010315,0,1.170935869216919,154.97999572753906,-0.5035467147827148,1,0.9996560215950012,0.02608693577349186,-0.0026661402080208063,0,-0.026097938418388367,0.9996500015258789,-0.004232109058648348,0,0.0025551379658281803,0.004300111439079046,0.999987006187439,0,0,17.628299713134766,-0.6212999820709229,1,0.9999970197677612,0.00009385661542182788,0.00252670980989933,0,-0.0001468503032810986,0.999779999256134,0.020957008004188538,0,-0.0025247130542993546,-0.020958013832569122,0.9997770190238953,0,0,20.579200744628906,0,1,0.9999560117721558,-0.008989152498543262,0.002564713591709733,0,0.009122136048972607,0.9982990026473999,-0.05758598446846008,0,-0.0020427056588232517,0.05760598182678223,0.9983369708061218,0,0,23.518999099731445,0,1,0.9995859861373901,-0.01815318875014782,0.02232391946017742,0,0.018567189574241638,0.9996569752693176,-0.01847616210579872,0,-0.02198091149330139,0.01888316310942173,0.9995800256729126,0,0,26.458900451660156,0,1,0.9967759847640991,0.016702916473150253,0.07848086208105087,0,-0.016831913962960243,0.999858021736145,0.0009819971164688468,0,-0.07845386117696762,-0.002299989340826869,0.9969149827957153,0,0,15.508999824523926,1.8286999464035034,1,0.32444900274276733,0.12217891961336136,-0.9379792809486389,0,0.8647739291191101,-0.44011348485946655,0.2417990267276764,0,-0.383273720741272,-0.8895917534828186,-0.2484515905380249,0,8.985099792480469,22.393600463867188,-0.1712000072002411,1,0.9626055359840393,-0.2662282884120941,-0.050130393356084824,0,0.1958041936159134,0.5558479428291321,0.8078946471214294,0,-0.18721967935562134,-0.7874994874000549,0.5871914029121399,0,0,19.728599548339844,0,1,0.847585141658783,0.530619740486145,0.00644799554720521,0,-0.5306407809257507,0.8473911285400391,0.018671993166208267,0,0.00444299541413784,-0.019247991964221,0.9998049736022949,0,0,44.092899322509766,0,1,0.6581147313117981,0.2487543374300003,-0.7106375098228455,0,-0.04093199595808983,0.9542701840400696,0.2961292266845703,0,0.7518031597137451,-0.1657993495464325,0.638200581073761,0,0,48.932098388671875,0,1,0.7126470804214478,0.187490314245224,-0.6760041117668152,0,-0.19178800284862518,0.978983998298645,0.06933899223804474,0,0.6747979521751404,0.08023473620414734,0.7336279153823853,0,-5.694900035858154,4.453400135040283,0,1,0.9744954705238342,-0.19029830396175385,0.11893502622842789,0,0.14792002737522125,0.9432677626609802,0.2972629964351654,0,-0.16875630617141724,-0.2720884680747986,0.9473588466644287,0,-0.4966000020503998,5.762199878692627,0,1,0.6816059350967407,0.6839329600334167,-0.2600942850112915,0,-0.6938830018043518,0.7169719934463501,0.06691987812519073,0,0.23224914073944092,0.13486230373382568,0.9632619619369507,0,-1.62909996509552,8.78339958190918,0,1,0.9981110095977783,-0.046484921127557755,-0.040173497051000595,0,0.04902586340904236,0.9966959953308105,0.06476198136806488,0,0.03702954202890396,-0.06660899519920349,0.9970920085906982,0,0,7.103700160980225,0.20679999887943268,1,0.9996820092201233,-0.02511598728597164,-0.002148998901247978,0,0.02462298609316349,0.9546769261360168,0.296622097492218,0,-0.005397999659180641,-0.29658108949661255,0.9549919366836548,0,0.2563999891281128,12.015800476074219,0,1,0.9990599751472473,0.04332401603460312,-0.0014599984278902411,0,-0.0431080125272274,0.9964960217475891,0.07168110460042953,0,0.004560003988444805,-0.07155110687017441,0.9974269866943359,0,-0.26829999685287476,9.354599952697754,0,1,0.09482261538505554,0.013112952001392841,0.9954079389572144,0,-0.8807992339134216,-0.46485239267349243,0.09002856910228729,0,0.46389836072921753,-0.8852912783622742,-0.032528236508369446,0,-8.985099792480469,22.391700744628906,-0.11540000140666962,1,0.9752042293548584,0.13126680254936218,0.17817190289497375,0,-0.2204773873090744,0.6458699107170105,0.7309183478355408,0,-0.019131148234009743,-0.7520771622657776,0.6587967872619629,0,0,19.728599548339844,0,1,0.8306939601898193,-0.5566890835762024,-0.006757000926882029,0,0.5567100644111633,0.8305009603500366,0.018494002521038055,0,-0.004684000741690397,-0.01912500150501728,0.9998059868812561,0,0,44.090999603271484,0,1,0.7976623773574829,-0.09827405214309692,0.5950434803962708,0,0.06772802025079727,0.9949899911880493,0.07353708148002625,0,-0.5992884635925293,-0.018356123939156532,0.8003223538398743,0,0,48.967098236083984,0,1,0.8588808178901672,-0.31405746936798096,0.4045889973640442,0,0.24824638664722443,0.9462128281593323,0.2074982225894928,0,-0.44799312949180603,-0.07777799665927887,0.8906469345092773,0,5.2565999031066895,4.92609977722168,0,1,0.9488210082054138,0.3037150800228119,0.08657673746347427,0,-0.2895341217517853,0.946027934551239,-0.145609050989151,0,-0.12612777948379517,0.11309010535478592,0.9855470061302185,0,0.47440001368522644,5.74370002746582,0,1,0.74571293592453,-0.6490590572357178,-0.15044796466827393,0,0.6405390501022339,0.7605449557304382,-0.1062140241265297,0,0.1833619922399521,-0.01716197095811367,0.9828959703445435,0,1.5963000059127808,8.556099891662598,0,1,0.9971920251846313,-0.07178906351327896,-0.021340059116482735,0,0.07467108219861984,0.9749799370765686,0.20937727391719818,0,0.005775020457804203,-0.21038226783275604,0.977601945400238,0,0,6.166900157928467,0.13590000569820404,1,0.999767005443573,0.02149900421500206,0.002078000456094742,0,-0.020115002989768982,0.8916590213775635,0.45225992798805237,0,0.00786999985575676,-0.4521969258785248,0.8918840289115906,0,-0.21469999849796295,12.213299751281738,0,1,0.9989259839057922,-0.04583299532532692,-0.006856997963041067,0,0.045802995562553406,0.9538789987564087,0.2966749370098114,0,-0.007056998088955879,-0.29667094349861145,0.9549540281295776,0,0.1623000055551529,9.774499893188477,0,1,-0.9993320107460022,-0.019226666539907455,-0.031076733022928238,0,0.0022878344170749187,-0.8816536664962769,0.4718916118144989,0,-0.03647159785032272,0.47150561213493347,0.8811086416244507,0,15.941800117492676,-9.799699783325195,-0.26739999651908875,1,0.9971609711647034,0.07323960214853287,0.017463481053709984,0,-0.03228265419602394,0.6254245042800903,-0.7796159982681274,0,-0.06802105903625488,0.7768390774726868,0.626013457775116,0,0,71.62689971923828,0,1,0.9774569869041443,0.032019417732954025,0.20869295299053192,0,-0.1980481594800949,0.4816350042819977,0.8536999225616455,0,-0.07317862659692764,-0.8757869601249695,0.4771190881729126,0,0,54.548500061035156,0,1,0.9930679798126221,-0.013376899994909763,0.11678086221218109,0,-0.057993002235889435,0.8084110021591187,0.5857550501823425,0,-0.10224282741546631,-0.5884670615196228,0.8020300269126892,0,0,33.84659957885742,0,1,-0.9731150269508362,-0.10937124490737915,-0.2026953101158142,0,0.10813846439123154,-0.9939870238304138,0.017177026718854904,0,-0.20335526764392853,-0.005203853826969862,0.9790908694267273,0,-15.941800117492676,-9.799699783325195,-0.705299973487854,1,0.9988938570022583,0.03001217357814312,0.03620408475399017,0,-0.019478851929306984,0.964777946472168,-0.26234516501426697,0,-0.04280209541320801,0.2613491415977478,0.9642948508262634,0,0,71.59709930419922,0,1,0.9623360633850098,-0.1462586522102356,-0.22916600108146667,0,0.2666018307209015,0.34270691871643066,0.9008194208145142,0,-0.05321598798036575,-0.9279873371124268,0.3687918782234192,0,0,54.51089859008789,0,1,0.9947879910469055,0.005295011214911938,-0.10182901471853256,0,0.0571490079164505,0.7981129288673401,0.5997920632362366,0,0.08444701135158539,-0.6024850606918335,0.7936499118804932,0,0,33.96849822998047,0,1
K0.067,0.9998349547386169,0.004737659823149443,-0.017542917281389236,0,-0.003962644375860691,0.9990249872207642,0.043973758816719055,0,0.017734909430146217,-0.04389679431915283,0.9988789558410645,0,2.2545573711395264,152.9371795654297,-0.6737743020057678,1,0.9996669888496399,0.01968306303024292,-0.01666286028921604,0,-0.019935062155127525,0.9996870160102844,-0.015108891762793064,0,0.016359861940145493,0.01543588936328888,0.9997469782829285,0,0,17.628299713134766,-0.6212999820709229,1,0.9995480179786682,-0.014235857874155045,-0.026464711874723434,0,0.01481385063380003,0.9996529817581177,0.021791992709040642,0,0.026144715026021004,-0.022174987941980362,0.9994120001792908,0,0,20.579200744628906,0,1,0.9993669986724854,-0.024220848456025124,-0.026054715737700462,0,0.02272486314177513,0.9981589913368225,-0.05623501539230347,0,0.027368707582354546,0.05560701712965965,0.9980779886245728,0,0,23.518999099731445,0,1,0.9992129802703857,-0.03702181205153465,0.014266080223023891,0,0.03749880939722061,0.998691976070404,-0.034760840237140656,0,-0.01296008937060833,0.035268835723400116,0.9992939829826355,0,0,26.458900451660156,0,1,0.9978929758071899,0.008257083594799042,0.0643511414527893,0,-0.008319084532558918,0.9999650120735168,0.0006920028827153146,0,-0.06434313952922821,-0.0012260107323527336,0.9979270100593567,0,0,15.508999824523926,1.8286999464035034,1,0.22756896913051605,0.11365608125925064,-0.9671066999435425,0,0.8613130450248718,-0.4868065118789673,0.1454649567604065,0,-0.45426028966903687,-0.8660842180252075,-0.20867539942264557,0,8.985099792480469,22.393600463867188,-0.1712000072002411,1,0.9141564965248108,-0.39529871940612793,-0.0897626057267189,0,0.31431281566619873,0.5513930320739746,0.7727693319320679,0,-0.25598031282424927,-0.7346455454826355,0.628307580947876,0,0,19.728599548339844,0,1,0.8605828881263733,0.5092752575874329,0.005991004873067141,0,-0.5092952251434326,0.860404908657074,0.01792100816965103,0,0.003972004633396864,-0.01847400702536106,0.9998210072517395,0,0,44.092899322509766,0,1,0.42937225103378296,0.28261667490005493,-0.8577685356140137,0,0.2591150104999542,0.8712948560714722,0.4167768061161041,0,0.865156888961792,-0.4012136459350586,0.3008793294429779,0,0,48.932098388671875,0,1,0.7175929546356201,0.11849768459796906,-0.6863079071044922,0,-0.19186200201511383,0.9809240102767944,-0.031241999939084053,0,0.6695140600204468,0.15409527719020844,0.7266390323638916,0,-5.694900035858154,4.453400135040283,0,1,0.9208135604858398,-0.3210136890411377,0.2214759886264801,0,0.2501309812068939,0.9218092560768127,0.2961469888687134,0,-0.29922568798065186,-0.21729855239391327,0.9291101694107056,0,-0.4966000020503998,5.762199878692627,0,1,0.6755520701408386,0.6779770851135254,-0.289786696434021,0,-0.6953790187835693,0.7165150046348572,0.05526811629533768,0,0.24510686099529266,0.16417570412158966,0.9554940462112427,0,-1.62909996509552,8.78339958190918,0,1,0.9952160120010376,-0.03848207741975784,-0.08980251103639603,0,0.035275138914585114,0.9986910223960876,-0.037030987441539764,0,0.091110460460186,0.03368700295686722,0.9952710270881653,0,0,7.103700160980225,0.20679999887943268,1,0.9997159838676453,-0.023763012140989304,-0.002036001067608595,0,0.0232430137693882,0.9515460729598999,0.3066259026527405,0,-0.005349000450223684,-0.3065869212150574,0.9518280625343323,0,0.2563999891281128,12.015800476074219,0,1,0.9990010261535645,0.04466298595070839,-0.001299001625739038,0,-0.04440498724579811,0.9956300258636475,0.08215389400720596,0,0.0049619958736002445,-0.08201389759778976,0.9966189861297607,0,-0.26829999685287476,9.354599952697754,0,1,0.15651239454746246,0.008317047730088234,0.9876410365104675,0,-0.9020907878875732,-0.40596458315849304,0.1463734358549118,0,0.40216463804244995,-0.913850724697113,-0.056034766137599945,0,-8.985099792480469,22.391700744628906,-0.11540000140666962,1,0.9976087808609009,0.012177183292806149,0.06802409887313843,0,-0.06016859412193298,0.6372110843658447,0.7683366537094116,0,-0.03398885205388069,-0.7705928087234497,0.6364202499389648,0,0,19.728599548339844,0,1,0.8273070454597473,-0.561708927154541,-0.006868998985737562,0,0.5617299675941467,0.8271100521087646,0.018660997971892357,0,-0.004799999296665192,-0.019296998158097267,0.9998019933700562,0,0,44.090999603271484,0,1,0.8360846638679504,-0.10344395041465759,0.5387605428695679,0,0.07012997567653656,0.9941580295562744,0.08204992115497589,0,-0.5441005229949951,-0.030816877260804176,0.8384546637535095,0,0,48.967098236083984,0,1,0.8409271836280823,-0.36024555563926697,0.4038119912147522,0,0.28753361105918884,0.9296112060546875,0.23053677380084991,0,-0.458438903093338,-0.07775499671697617,0.8853180408477783,0,5.2565999031066895,4.92609977722168,0,1,0.9478049874305725,0.31304091215133667,0.06059625744819641,0,-0.30145686864852905,0.941679060459137,-0.1495499610900879,0,-0.1038772240281105,0.12347689270973206,0.9868959784507751,0,0.47440001368522644,5.74370002746582,0,1,0.7426430583000183,-0.6533769369125366,-0.1469000279903412,0,0.6444829106330872,0.7568990588188171,-0.10837198048830032,0,0.18199601769447327,-0.01419202983379364,0.9831969738006592,0,1.5963000059127808,8.556099891662598,0,1,0.9965320229530334,-0.07861293107271194,-0.027269940823316574,0,0.08283891528844833,0.9681570529937744,0.23624172806739807,0,0.007829979062080383,-0.23768173158168793,0.9713120460510254,0,0,6.166900157928467,0.13590000569820404,1,0.9997599720954895,0.02181599661707878,0.0021329994779080153,0,-0.020465996116399765,0.8941879868507385,0.44722405076026917,0,0.00784900039434433,-0.4471610486507416,0.8944190144538879,0,-0.21469999849796295,12.213299751281738,0,1,0.9989389777183533,-0.045565005391836166,-0.006693001836538315,0,0.045538004487752914,0.955551028251648,0.2912880480289459,0,-0.006877001840621233,-0.29128405451774597,0.9566119909286499,0,0.1623000055551529,9.774499893188477,0,1,-0.9998909831047058,0.01406266912817955,-0.004426265135407448,0,-0.014248835854232311,-0.8447283506393433,0.5350053310394287,0,0.0037855999544262886,0.5350103378295898,0.8448373675346375,0,15.941800117492676,-9.799699783325195,-0.26739999651908875,1,0.9972829818725586,0.033545393496751785,0.06557952612638474,0,0.002415655180811882,0.8749074935913086,-0.484282910823822,0,-0.0736219510436058,0.4831259250640869,0.8724495768547058,0,0,71.62689971923828,0,1,0.9761540293693542,0.07354359328746796,0.20424304902553558,0,-0.21404583752155304,0.4828439950942993,0.8491440415382385,0,-0.03616837039589882,-0.8726130723953247,0.4870709180831909,0,0,54.548500061035156,0,1,0.9946439862251282,-0.0034340987913310528,0.10330313444137573,0,-0.05844099447131157,0.8056679964065552,0.5894769430160522,0,-0.08525217324495316,-0.5923569202423096,0.8011519908905029,0,0,33.84659957885742,0,1,-0.971651017665863,-0.034287743270397186,-0.23392069339752197,0,0.054403532296419144,-0.9953020215034485,-0.08009303361177444,0,-0.23007573187351227,-0.09054914861917496,0.9689511060714722,0,-15.941800117492676,-9.799699783325195,-0.705299973487854,1,0.9883451461791992,0.04727082699537277,0.14470691978931427,0,-0.0048411451280117035,0.9598470330238342,-0.28048181533813477,0,-0.15215490758419037,0.2765118479728699,0.9488891959190369,0,0,71.59709930419922,0,1,0.9670339226722717,-0.1123233363032341,-0.22853800654411316,0,0.24929918348789215,0.2345900684595108,0.9395836591720581,0,-0.05192401260137558,-0.9655836224555969,0.254858136177063,0,0,54.51089859008789,0,1,0.9946079850196838,0.006413988769054413,-0.1035039871931076,0,0.05798599123954773,0.7930760383605957,0.6063559651374817,0,0.08597498387098312,-0.6090889573097229,0.7884280681610107,0,0,33.96849822998047,0,1
K0.100,0.9985939860343933,0.003128000069409609,0.05291599780321121,0,-0.005326999817043543,0.9991250038146973,0.04147399961948395,0,-0.05273999646306038,-0.04169800132513046,0.9977369904518127,0,3.3352620601654053,150.04266357421875,0.773699939250946,1,0.9981759786605835,0.047554001212120056,-0.03718499839305878,0,-0.04870700091123581,0.9983389973640442,-0.030765000730752945,0,0.035659998655319214,0.032519999891519547,0.998835027217865,0,0,17.628299713134766,-0.6212999820709229,1,0.9987859725952148,-0.026510000228881836,-0.04151400178670883,0,0.028053000569343567,0.9989200234413147,0.03703099861741066,0,0.04048699885606766,-0.03815000131726265,0.9984509944915771,0,0,20.579200744628906,0,1,0.9984700083732605,-0.03631899878382683,-0.041703000664711,0,0.034641001373529434,0.9985880255699158,-0.04027999937534332,0,0.04310699924826622,0.038773998618125916,0.9983180165290833,0,0,23.518999099731445,0,1,0.9985790252685547,-0.052629999816417694,0.008330999873578548,0,0.05300699919462204,0.9971039891242981,-0.05454099923372269,0,-0.0054360004141926765,0.0549050010740757,0.9984769821166992,0,0,26.458900451660156,0,1,0.9986180067062378,-0.005722999572753906,0.05224800109863281,0,0.006607999559491873,0.9998369812965393,-0.01677500084042549,0,-0.05214399844408035,0.017097000032663345,0.9984930157661438,0,0,15.508999824523926,1.8286999464035034,1,0.15757299959659576,0.11357200145721436,-0.9809550046920776,0,0.8606510162353516,-0.5028669834136963,0.0800279974937439,0,-0.48420101404190063,-0.8568699955940247,-0.1769839972257614,0,8.985099792480469,22.393600463867188,-0.1712000072002411,1,0.8951550126075745,-0.4204080104827881,-0.14816999435424805,0,0.3809170126914978,0.5488089919090271,0.744117021560669,0,-0.2315160036087036,-0.7225409746170044,0.6514099836349487,0,0,19.728599548339844,0,1,0.9080680012702942,0.4188010096549988,0.00431999983265996,0,-0.41881701350212097,0.9079509973526001,0.01473699975758791,0,0.0022499999031424522,-0.015192000195384026,0.9998819828033447,0,0,44.092899322509766,0,1,0.45038700103759766,0.35454800724983215,-0.8194190263748169,0,0.14802399277687073,0.8754199743270874,0.4601390063762665,0,0.880478024482727,-0.32853400707244873,0.34179601073265076,0,0,48.932098388671875,0,1,0.7128990292549133,0.1136149987578392,-0.69200199842453,0,-0.21722599864006042,0.9740300178527832,-0.0638670027256012,0,0.6667739748954773,0.19585199654102325,0.7190650105476379,0,-5.694900035858154,4.453400135040283,0,1,0.8823410272598267,-0.3790700137615204,0.2788900136947632,0,0.2923179864883423,0.9058859944343567,0.30646398663520813,0,-0.36881399154663086,-0.18888099491596222,0.9101099967956543,0,-0.4966000020503998,5.762199878692627,0,1,0.6985639929771423,0.6593719720840454,-0.27791500091552734,0,-0.6738479733467102,0.7368590235710144,0.054471999406814575,0,0.24070200324058533,0.14922000467777252,0.95906001329422,0,-1.62909996509552,8.78339958190918,0,1,0.9914839863777161,-0.016359001398086548,-0.12919600307941437,0,0.01830499991774559,0.9997360110282898,0.013890998438000679,0,0.12893499433994293,-0.016136998310685158,0.9915220141410828,0,0,7.103700160980225,0.20679999887943268,1,0.9997130036354065,-0.02386300079524517,-0.002044999971985817,0,0.02334499917924404,0.9517819881439209,0.30588701367378235,0,-0.0053530000150203705,-0.3058469891548157,0.9520660042762756,0,0.2563999891281128,12.015800476074219,0,1,0.9990059733390808,0.04456700012087822,-0.001310999970883131,0,-0.04431299865245819,0.9956960082054138,0.08140499889850616,0,0.004933000076562166,-0.08126500248908997,0.9966800212860107,0,-0.26829999685287476,9.354599952697754,0,1,0.2011609971523285,0.002035000128671527,0.9795560240745544,0,-0.9131789803504944,-0.36146101355552673,0.18828099966049194,0,0.35445499420166016,-0.9323850274085999,-0.07085400074720383,0,-8.985099792480469,22.391700744628906,-0.11540000140666962,1,0.9930920004844666,-0.10778499394655228,0.04637200012803078,0,0.03295799717307091,0.6355329751968384,0.771369993686676,0,-0.1126129999756813,-0.7645130157470703,0.6346949934959412,0,0,19.728599548339844,0,1,0.7890499830245972,-0.6142749786376953,-0.008139999583363533,0,0.6142979860305786,0.7888100147247314,0.020407000556588173,0,-0.006113999988883734,-0.021102000027894974,0.9997590184211731,0,0,44.090999603271484,0,1,0.8707169890403748,-0.15349900722503662,0.46721601486206055,0,0.123259998857975,0.9878330230712891,0.0948299989104271,0,-0.4760870039463043,-0.024980999529361725,0.8790429830551147,0,0,48.967098236083984,0,1,0.7990959882736206,-0.45744800567626953,0.3901120126247406,0,0.38007301092147827,0.88714998960495,0.2617439925670624,0,-0.4658220112323761,-0.06088799983263016,0.8827810287475586,0,5.2565999031066895,4.92609977722168,0,1,0.9393929839134216,0.3426710069179535,0.010858002118766308,0,-0.33768001198768616,0.9302570223808289,-0.14350399374961853,0,-0.059275005012750626,0.13113999366760254,0.9895899891853333,0,0.47440001368522644,5.74370002746582,0,1,0.737820029258728,-0.6600469946861267,-0.14127999544143677,0,0.6505950093269348,0.751164972782135,-0.11170300096273422,0,0.17985400557518005,-0.009499000385403633,0.9836480021476746,0,1.5963000059127808,8.556099891662598,0,1,0.9943130016326904,-0.09527699649333954,-0.047582000494003296,0,0.10552199929952621,0.9417319893836975,0.31938400864601135,0,0.014379000291228294,-0.3225879967212677,0.9464300274848938,0,0,6.166900157928467,0.13590000569820404,1,0.9997680187225342,0.02143700048327446,0.0020669999066740274,0,-0.020045999437570572,0.8911589980125427,0.453247994184494,0,0.007873999886214733,-0.45318400859832764,0.8913819789886475,0,-0.21469999849796295,12.213299751281738,0,1,0.9989230036735535,-0.045885998755693436,-0.006889999844133854,0,0.045855000615119934,0.953548014163971,0.29773199558258057,0,-0.007091999985277653,-0.29772698879241943,0.9546250104904175,0,0.1623000055551529,9.774499893188477,0,1,-0.9991959929466248,0.005943000316619873,0.03964099660515785,0,0.018279997631907463,-0.8125579953193665,0.5825939774513245,0,0.035672999918460846,0.582850992679596,0.8117960095405579,0,15.941800117492676,-9.799699783325195,-0.26739999651908875,1,0.9977930188179016,-0.008503997698426247,0.06585799902677536,0,0.03083699755370617,0.9376829862594604,-0.34612101316452026,0,-0.058809999376535416,0.34738799929618835,0.9358760118484497,0,0,71.62689971923828,0,1,0.9783120155334473,0.05237400159239769,0.2004079967737198,0,-0.2049490064382553,0.3850330114364624,0.8998590111732483,0,-0.030035000294446945,-0.9214159846305847,0.3874160051345825,0,0,54.548500061035156,0,1,0.9927039742469788,-0.015214999206364155,0.11961700022220612,0,-0.06712199747562408,0.7543789744377136,0.6529989838600159,0,-0.1001719981431961,-0.656262993812561,0.7478529810905457,0,0,33.84659957885742,0,1,-0.9631059765815735,0.039629995822906494,-0.26618799567222595,0,0.018384002149105072,-0.9771000146865845,-0.2119850069284439,0,-0.26849299669265747,-0.2090580016374588,0.9403219819068909,0,-15.941800117492676,-9.799699783325195,-0.705299973487854,1,0.9853330254554749,0.05193899944424629,0.1625490039587021,0,-0.0037219999358057976,0.9588680267333984,-0.283827006816864,0,-0.17060500383377075,0.2790589928627014,0.944998025894165,0,0,71.59709930419922,0,1,0.9846469759941101,-0.09707800298929214,-0.14507099986076355,0,0.1612589955329895,0.18773500621318817,0.968891978263855,0,-0.06682299822568893,-0.9774109721183777,0.2005070000886917,0,0,54.51089859008789,0,1,0.9922720193862915,0.020545000210404396,-0.12236999720335007,0,0.06873100250959396,0.7300770282745361,0.6798999905586243,0,0.10330799967050552,-0.6830559968948364,0.723022997379303,0,0,33.96849822998047,0,1
