2.733,30,81,101
B0,RL_BoneRoot,-1,0.9978435039520264,-0.013267927803099155,-0.0642813965678215,0,-0.06432992964982986,-0.0032780091278254986,-0.9979233145713806,0,0.013030057772994041,0.9999066591262817,-0.004124682862311602,0,-1.1350419521331787,0.19793756306171417,1.6682919263839722,1
B1,CC_Base_Hip,0,1,-0.000009000000318337698,-0.0000019999999949504854,0,0.000003000000106112566,0.12248300015926361,0.9924709796905518,0,-0.000007999999979801942,-0.9924709796905518,0.12248300015926361,0,0,0.00003400000059627928,85.62088012695312,1
B2,CC_Base_Pelvis,1,1,0,0,0,0,0.9565039873123169,0.291720986366272,0,0,-0.291720986366272,0.9565039873123169,0,0,-0.000003000000106112566,-9.999999974752427e-7,1
B3,CC_Base_L_Thigh,2,-0.9792830348014832,-0.11058396100997925,0.16963496804237366,0,0.15157093107700348,-0.9558020830154419,0.2519255578517914,0,0.13427947461605072,0.27241894602775574,0.9527614712715149,0,6.284613132476807,-10.354743003845215,1.312103033065796,1
B4,CC_Base_L_Calf,3,0.9942244291305542,-0.08682645112276077,0.06307629495859146,0,0.10141771286725998,0.9523667097091675,-0.2875897288322449,0,-0.035102423280477524,0.29232534766197205,0.9556726217269897,0,0.0009079999872483313,24.914146423339844,-0.000547999981790781,1
B5,CC_Base_L_Foot,4,0.9914703965187073,-0.10917185992002487,0.07118406891822815,0,-0.011578244157135487,0.4702335000038147,0.8824640512466431,0,-0.12981289625167847,-0.8757611513137817,0.4649581015110016,0,-0.000910000002477318,38.69089889526367,-0.00558699993416667,1
B6,CC_Base_L_ToeBaseShareBone,5,0.9979259967803955,-0.0297279991209507,-0.057089999318122864,0,0.04771000146865845,0.937004029750824,0.34604400396347046,0,0.043205998837947845,-0.34804999828338623,0.9364799857139587,0,-0.000029000000722589903,12.731525421142578,-0.006018000189214945,1
B7,CC_Base_L_ToeBase,5,0.9979540109634399,-0.02982858382165432,-0.05654403194785118,0,0.0479101836681366,0.9345600008964539,0.35256412625312805,0,0.0423271469771862,-0.35455164313316345,0.9340775609016418,0,-0.0004900000058114529,12.73151683807373,-0.005876999814063311,1
B8,CC_Base_L_PinkyToe1,7,0.9945930242538452,-0.08771999925374985,-0.055587999522686005,0,0.052025001496076584,0.8841249942779541,-0.4643459916114807,0,0.08987899869680405,0.4589430093765259,0.8839079737663269,0,-2.372741937637329,0.2734839916229248,-0.4368090033531189,1
B9,CC_Base_L_RingToe1,7,0.9936699867248535,-0.0566370002925396,-0.0970190018415451,0,-0.005030999891459942,0.8403149843215942,-0.542074978351593,0,0.11222799867391586,0.5391319990158081,0.8347110152244568,0,-1.212162971496582,1.1116570234298706,-0.09113100171089172,1
B10,CC_Base_L_MidToe1,7,0.996379017829895,-0.01787099987268448,-0.08312900364398956,0,-0.019054999575018883,0.9058679938316345,-0.42313000559806824,0,0.08286599814891815,0.42318201065063477,0.9022470116615295,0,-0.000029000000722589903,1.901900053024292,0.000037999998312443495,1
B11,CC_Base_L_IndexToe1,7,0.9948530197143555,0.0004239999980200082,-0.10133399814367294,0,-0.04594000056385994,0.8932170271873474,-0.44727298617362976,0,0.09032399952411652,0.44962599873542786,0.8886380195617676,0,1.3655060529708862,1.9921809434890747,0.24882900714874268,1
B12,CC_Base_L_BigToe1,7,0.9996389746665955,0.024393999949097633,-0.011326000094413757,0,-0.025684000924229622,0.990788996219635,-0.13296100497245789,0,0.007977999746799469,0.13320399820804596,0.9910569787025452,0,3.1637520790100098,1.7822190523147583,0.01525299996137619,1
B13,CC_Base_L_CalfTwist01,4,1,0,0.0000019999999949504854,0,0,1,0.0000019999999949504854,0,-0.0000019999999949504854,-0.0000019999999949504854,1,0,0.000003000000106112566,-0.000011000000085914508,9.999999974752427e-7,1
B14,CC_Base_L_CalfTwist02,13,1,9.999999974752427e-7,-0.0010260000126436353,0,-9.999999974752427e-7,1,-0.000007000000096013537,0,0.0010260000126436353,0.000007000000096013537,1,0,-0.0004959999932907522,19.345460891723633,-0.002841999987140298,1
B15,CC_Base_L_KneeShareBone,4,0.9978640079498291,0.06523600220680237,0.003467000089585781,0,-0.06528200209140778,0.997747004032135,0.015500999987125397,0,-0.0024480000138282776,-0.01569399982690811,0.9998739957809448,0,0.000003000000106112566,-0.000011000000085914508,9.999999974752427e-7,1
B16,CC_Base_L_ThighTwist01,3,1,-0.00012700000661425292,-0.0000019999999949504854,0,0.00012700000661425292,1,-0.00001700000029813964,0,0.0000019999999949504854,0.00001700000029813964,1,0,0.000004999999873689376,0.000014000000192027073,0,1
B17,CC_Base_L_ThighTwist02,16,1,0.00010900000052060932,0.000007999999979801942,0,-0.00010900000052060932,1,-0.000012999999853491317,0,-0.000007999999979801942,0.000012999999853491317,1,0,-0.0011239999439567327,12.457856178283691,-0.0001320000010309741,1
B18,CC_Base_R_Thigh,2,-0.9650419354438782,0.13602155447006226,-0.22403573989868164,0,-0.17213858664035797,-0.9735193848609924,0.15042756497859955,0,-0.1976415365934372,0.18373465538024902,0.9629012942314148,0,-6.284591197967529,-10.354735374450684,1.3122049570083618,1
B19,CC_Base_R_ThighTwist01,18,1,0.00001700000029813964,0.000004999999873689376,0,-0.00001700000029813964,1,-0.000029999999242136255,0,-0.000004999999873689376,0.000029999999242136255,1,0,-0.000003999999989900971,0.000058000001445179805,0.000003000000106112566,1
B20,CC_Base_R_ThighTwist02,19,1,-9.999999974752427e-7,-0.000011000000085914508,0,9.999999974752427e-7,1,-9.999999974752427e-7,0,0.000011000000085914508,9.999999974752427e-7,1,0,-0.0002570000069681555,12.673284530639648,0.00002700000004551839,1
B21,CC_Base_R_Calf,18,0.9906759262084961,0.09207654744386673,-0.10041064769029617,0,-0.10823449492454529,0.9795470237731934,-0.16962197422981262,0,0.08273867517709732,0.17890815436840057,0.9803807139396667,0,-0.0009379999828524888,25.348526000976562,-0.000893999997060746,1
B22,CC_Base_R_Foot,21,0.9872664213180542,0.10908257961273193,-0.11578288674354553,0,0.03967340663075447,0.5360106229782104,0.8432783484458923,0,0.15404830873012543,-0.837133526802063,0.5248578190803528,0,0.0008750000270083547,38.272613525390625,-0.0059899999760091305,1
B23,CC_Base_R_ToeBase,22,0.998020589351654,0.030119383707642555,0.05520613491535187,0,-0.048405326902866364,0.9283263087272644,0.36859941482543945,0,-0.04014772176742554,-0.37054184079170227,0.9279463887214661,0,0.000052999999752501026,13.070562362670898,0.000004999999873689376,1
B24,CC_Base_R_PinkyToe1,23,0.9951030015945435,0.08548899739980698,0.049616001546382904,0,-0.05284399911761284,0.8843280076980591,-0.4638659954071045,0,-0.08353299647569656,0.4589720070362091,0.8845149874687195,0,2.435115098953247,0.2806580066680908,-0.44835400581359863,1
B25,CC_Base_R_BigToe1,23,0.9996309876441956,-0.026633000001311302,0.005303000099956989,0,0.027101999148726463,0.9907580018043518,-0.1329060047864914,0,-0.0017140000127255917,0.13300000131130219,0.9911140203475952,0,-3.246933937072754,1.829064965248108,0.015633000060915947,1
B26,CC_Base_R_IndexToe1,23,0.9954410195350647,-0.0026700000744313,0.09534300118684769,0,0.045244000852108,0.8932070136070251,-0.4473640024662018,0,-0.08396700024604797,0.4496380090713501,0.8892560005187988,0,-1.4014309644699097,2.044512987136841,0.2553099989891052,1
B27,CC_Base_R_MidToe1,23,0.9968960285186768,0.015598000027239323,0.07716900110244751,0,0.0186110008507967,0.9057130217552185,-0.4234830141067505,0,-0.07649900019168854,0.4236049950122833,0.9026110172271729,0,0.000009000000318337698,1.951854944229126,-0.000048000001697801054,1
B28,CC_Base_R_RingToe1,23,0.9943600296974182,0.05439800024032593,0.09104400128126144,0,0.0036410000175237656,0.8404250144958496,-0.5419149994850159,0,-0.10599499940872192,0.5391899943351746,0.8354880213737488,0,1.244014024734497,1.1408449411392212,-0.09359999746084213,1
B29,CC_Base_R_ToeBaseShareBone,22,0.9979270100593567,0.029696999117732048,0.05709899961948395,0,-0.04770300164818764,0.9368529915809631,0.346453994512558,0,-0.04320399835705757,-0.34845998883247375,0.9363269805908203,0,-0.00010599999950500205,13.070576667785645,0.0001610000035725534,1
B30,CC_Base_R_KneeShareBone,21,0.9975789785385132,-0.06950599700212479,-0.002128999913111329,0,0.06948400288820267,0.9975389838218689,-0.009349999949336052,0,0.0027729999274015427,0.009180000051856041,0.9999539852142334,0,-0.000007000000096013537,-0.00002300000051036477,0.0000019999999949504854,1
B31,CC_Base_R_CalfTwist01,21,1,-0.000024000000848900527,0.00002099999983329326,0,0.000024000000848900527,1,-0.00014000000373926014,0,-0.00002099999983329326,0.00014000000373926014,1,0,-0.000007000000096013537,-0.00002300000051036477,0.0000019999999949504854,1
B32,CC_Base_R_CalfTwist02,31,1,0.00002300000051036477,0.0009430000209249556,0,-0.00002300000051036477,1,0.0001340000017080456,0,-0.0009430000209249556,-0.0001340000017080456,1,0,0.000014000000192027073,19.13633918762207,-0.00009000000136438757,1
B33,CC_Base_Waist,1,0.9997438788414001,-0.014303706586360931,0.0175012219697237,0,0.013813275843858719,0.999516487121582,0.027843305841088295,0,-0.017890600487589836,-0.02759535238146782,0.9994588494300842,0,-0.000014000000192027073,9.233434677124023,1.800771951675415,1
B34,CC_Base_Spine01,33,0.9999639391899109,0.0077889286912977695,0.003347449703142047,0,-0.007539009675383568,0.9975845813751221,-0.069051094353199,0,-0.003877368988469243,0.06902353465557098,0.9976075887680054,0,-0.00002099999983329326,4.633234024047852,-0.0000940000027185306,1
B35,CC_Base_Spine02,34,0.9999639391899109,0.007853024639189243,0.003221401944756508,0,-0.006576037500053644,0.956684410572052,-0.2910526692867279,0,-0.005367542151361704,0.29102107882499695,0.956701397895813,0,0,11.583110809326172,0.0005460000247694552,1
B36,CC_Base_NeckTwist01,35,0.9999979734420776,-0.00004592265759129077,0.0018886555917561054,0,-0.0015876941615715623,0.5210378766059875,0.8535318970680237,0,-0.0010231620399281383,-0.853533923625946,0.5210368633270264,0,-0.000003999999989900971,23.772464752197266,-0.0021879998967051506,1
B37,CC_Base_NeckTwist02,36,0.9999979734420776,0.0016061821952462196,0.0009951620595529675,0,-0.0015916941920295358,0.9998915195465088,-0.014613233506679535,0,-0.0010186739964410663,0.014611746184527874,0.99989253282547,0,0,4.462110996246338,-0.000056000000768108293,1
B38,CC_Base_Head,37,0.9999979734420776,0.0015981822507455945,0.0008941619889810681,0,-0.0013268619077280164,0.9688112139701843,-0.24779777228832245,0,-0.0012623536167666316,0.24779626727104187,0.9688112139701843,0,-0.000003999999989900971,4.462123870849609,-0.0001500000071246177,1
B39,CC_Base_FacialBone,38,-0.000003000000106112566,0.829509973526001,-0.5584920048713684,0,-0.000029999999242136255,0.5584920048713684,0.829509973526001,0,1,0.000018999999156221747,0.00002300000051036477,0,0,-0.00006900000153109431,0.00002300000051036477,1
B40,CC_Base_JawRoot,39,0.014675233513116837,0.9998905062675476,-0.0018419520929455757,0,-0.99989253282547,0.014675745740532875,0.00020258930453564972,0,0.00023007733398117125,0.0018389280885457993,0.9999979734420776,0,1.2180500030517578,2.166222095489502,0.00003400000059627928,1
B41,CC_Base_Tongue01,40,0.9957324266433716,0.09226825088262558,-0.001766832428984344,0,-0.09226725250482559,0.995733916759491,0.0005410773446783423,0,0.0018094400875270367,-0.00037558929761871696,0.9999979734420776,0,2.8398139476776123,0.8803309798240662,0.00016399999731220305,1
B42,CC_Base_Tongue02,41,0.9901503920555115,0.1399962604045868,-0.0016706648748368025,0,-0.1399952620267868,0.9901524186134338,0.0008115414530038834,0,0.0017683204496279359,-0.0005695653380826116,0.9999979734420776,0,0.9994080066680908,0.000003000000106112566,0,1
B43,CC_Base_Tongue03,42,1,0.00024300000222865492,0.0000019999999949504854,0,-0.00024300000222865492,1,-0.0000019999999949504854,0,-0.0000019999999949504854,0.0000019999999949504854,1,0,1.397405982017517,0.000037999998312443495,0,1
B44,CC_Base_Teeth02,40,1,-0.000004999999873689376,0.00019500000053085387,0,-0.000004999999873689376,-1,-0.00015999999595806003,0,0.00019500000053085387,0.00015999999595806003,-1,0,2.865143060684204,0.8370620012283325,0.0006130000110715628,1
B45,CC_Base_R_Eye,39,0,0,1,0,-0.000011000000085914508,-1,0,0,1,-0.000011000000085914508,0,0,6.357655048370361,6.724970817565918,-2.8744819164276123,1
B46,CC_Base_L_Eye,39,0,0,1,0,0.0000019999999949504854,-1,0,0,1,0.0000019999999949504854,0,0,6.357553005218506,6.724850177764893,2.875494956970215,1
B47,CC_Base_UpperJaw,39,-0.000009000000318337698,1,0.00010599999950500205,0,-1,-0.000009000000318337698,-0.000003000000106112566,0,-0.000003000000106112566,-0.00010599999950500205,1,0,2.456273078918457,5.795772075653076,0.00007899999764049426,1
B48,CC_Base_Teeth01,47,1,-0.000019999999494757503,-0.00006800000119255856,0,-0.000019999999494757503,-1,0.000022000000171829015,0,-0.00006800000119255856,-0.000022000000171829015,-1,0,0.029985999688506126,0.024896999821066856,0.0001849999971454963,1
B49,CC_Base_L_Clavicle,35,-0.4845544993877411,-0.8184988498687744,-0.3086528480052948,0,0.8676633238792419,-0.49456679821014404,-0.050631143152713776,0,-0.11120825260877609,-0.2923406958580017,0.9498260617256165,0,7.182423114776611,18.417041778564453,2.0190629959106445,1
B50,CC_Base_L_Upperarm,49,0.5978373289108276,-0.7575051784515381,-0.2622508704662323,0,0.7490553855895996,0.6444098949432373,-0.15378613770008087,0,0.2854907512664795,-0.104500912129879,0.9526665210723877,0,0.00013000000035390258,12.278055191040039,0.00022499999613501132,1
B51,CC_Base_L_Forearm,50,0.9999729990959167,0.0015470240032300353,-0.007189000025391579,0,-0.00024900000425986946,0.984183669090271,0.17715241014957428,0,0.007350000087171793,-0.17714540660381317,0.984157145023346,0,-0.00005500000042957254,22.026033401489258,0.00009300000237999484,1
B52,CC_Base_L_ForearmTwist01,51,0.9999390244483948,0,0.011076999828219414,0,0,1,-0.0000019999999949504854,0,-0.011076999828219414,0.0000019999999949504854,0.9999390244483948,0,0.000028000000384054147,-0.000018999999156221747,0,1
B53,CC_Base_L_ForearmTwist02,52,0.9998199939727783,-0.000004999999873689376,-0.018946999683976173,0,0.000004999999873689376,1,-0.000009000000318337698,0,0.018946999683976173,0.000009000000318337698,0.9998199939727783,0,-0.0000940000027185306,10.928650856018066,0.0003209999995306134,1
B54,CC_Base_L_ElbowShareBone,51,0.993698000907898,-0.11061199754476547,0.018177000805735588,0,0.11183899641036987,0.9892719984054565,-0.09398499876260757,0,-0.007586000021547079,0.09542600065469742,0.9954079985618591,0,0.000028000000384054147,-0.000018999999156221747,0,1
B55,CC_Base_L_Hand,51,0.9992823004722595,-0.020666541531682014,0.03174442797899246,0,0.02488471008837223,0.9900030493736267,-0.13883128762245178,0,-0.028558189049363136,0.13952136039733887,0.9898066520690918,0,-0.0002530000056140125,21.857276916503906,0.0005629999795928597,1
B56,CC_Base_L_Mid1,55,0.924788773059845,-0.3783559799194336,-0.040116507560014725,0,0.3804766535758972,0.9197312593460083,0.09658215939998627,0,0.00035405339440330863,-0.10458214581012726,0.9945164322853088,0,-0.02384299971163273,9.633231163024902,1.712651014328003,1
B57,CC_Base_L_Mid2,56,0.8403394818305969,-0.5418500304222107,0.01498416904360056,0,0.5417525172233582,0.8386207222938538,-0.05671314150094986,0,0.018164632841944695,0.055776067078113556,0.9982782006263733,0,0.00005999999848427251,3.235901117324829,-0.000003000000106112566,1
B58,CC_Base_L_Mid3,57,0.9939619898796082,0.10932900011539459,-0.009282000362873077,0,-0.10938400030136108,0.9939829707145691,-0.005636999849230051,0,0.008609999902546406,0.006618000101298094,0.9999409914016724,0,0.000014000000192027073,2.8988869190216064,0.000003000000106112566,1
B59,CC_Base_L_Index1,55,0.9372988343238831,-0.34496334195137024,-0.04970477893948555,0,0.34743252396583557,0.9135255217552185,0.21156778931617737,0,-0.027575945481657982,-0.21557122468948364,0.9760986566543579,0,0.11336100101470947,9.732462882995605,3.5423810482025146,1
B60,CC_Base_L_Index2,59,0.8330087065696716,-0.5530872941017151,0.013790996745228767,0,0.5529803037643433,0.8315375447273254,-0.052507251501083374,0,0.017573460936546326,0.0513652004301548,0.9985253810882568,0,0.000048999998398358,2.6663360595703125,0,1
B61,CC_Base_L_Index3,60,0.963483989238739,0.2665799856185913,-0.025187000632286072,0,-0.2665489912033081,0.9638100266456604,0.004647000227123499,0,0.02551399916410446,0.0022360000293701887,0.999671995639801,0,0.000011000000085914508,2.785736083984375,0.0000019999999949504854,1
B62,CC_Base_L_Ring1,55,0.8662193417549133,-0.4968448579311371,-0.05296318605542183,0,0.49830129742622375,0.8668085932731628,0.01829240843653679,0,0.03682075813412666,-0.042237572371959686,0.998428463935852,0,0.00001700000029813964,9.481120109558105,0.0000019999999949504854,1
B63,CC_Base_L_Ring2,62,0.8030125498771667,-0.5956577658653259,0.018936896696686745,0,0.5955882668495178,0.8009877800941467,-0.060746900737285614,0,0.021016361191868782,0.060058850795030594,0.9979737401008606,0,0.00005700000110664405,3.2926180362701416,0.000003000000106112566,1
B64,CC_Base_L_Ring3,63,0.9953060150146484,0.09586600214242935,-0.013279999606311321,0,-0.09634099900722504,0.9944810271263123,-0.04154900088906288,0,0.00922400038689375,0.04263300076127052,0.9990479946136475,0,0.00004199999966658652,2.463927984237671,0.000003000000106112566,1
B65,CC_Base_L_Pinky1,55,0.8412919640541077,-0.5325361490249634,0.09289055317640305,0,0.5292317867279053,0.8464049696922302,0.05923200398683548,0,-0.11016592383384705,-0.0006710647721774876,0.9939131140708923,0,0.11334399878978729,9.456694602966309,-1.8425569534301758,1
B66,CC_Base_L_Pinky2,65,0.8151993751525879,-0.5789529085159302,0.01614946499466896,0,0.5787919163703918,0.8133206367492676,-0.059212472289800644,0,0.021146906539797783,0.05761737376451492,0.9981147646903992,0,0.000007000000096013537,2.580780029296875,0,1
B67,CC_Base_L_Pinky3,66,0.9916260242462158,0.12826499342918396,-0.015072000212967396,0,-0.12852899730205536,0.9915400147438049,-0.01813800074160099,0,0.01261799968779087,0.019922999665141106,0.9997220039367676,0,-0.000007000000096013537,1.8957819938659668,0.000003999999989900971,1
B68,CC_Base_L_Thumb1,55,0.9131004810333252,0.20121532678604126,-0.3546258807182312,0,0.07734356820583344,0.7684791684150696,0.6351819038391113,0,0.40033140778541565,-0.6074130535125732,0.6861358284950256,0,0.7388820052146912,3.780651092529297,3.3860459327697754,1
B69,CC_Base_L_Thumb2,68,0.9195437431335449,-0.3916796147823334,0.032043103128671646,0,0.38841694593429565,0.8934186697006226,-0.22568553686141968,0,0.05976873263716698,0.21997372806072235,0.9736720323562622,0,0.000006000000212225132,7.693181037902832,0.00002300000051036477,1
B70,CC_Base_L_Thumb3,69,0.9429230093955994,0.2445790022611618,0.22600199282169342,0,-0.3330099880695343,0.692529022693634,0.6399279832839966,0,0,-0.6786640286445618,0.734449028968811,0,0.000035000000934815034,1.0738760232925415,0.000003999999989900971,1
B71,CC_Base_L_UpperarmTwist01,50,0.9993429780006409,-0.0000019999999949504854,0.03624600172042847,0,0.0000019999999949504854,1,0.0000019999999949504854,0,-0.03624600172042847,-0.0000019999999949504854,0.9993429780006409,0,0.00004999999873689376,-0.000003999999989900971,-9.999999974752427e-7,1
B72,CC_Base_L_UpperarmTwist02,71,0.9993429780006409,0.0000019999999949504854,-0.03624900057911873,0,-0.0000019999999949504854,1,-0.000003000000106112566,0,0.03624900057911873,0.000003000000106112566,0.9993429780006409,0,-0.00003199999991920777,11.0130033493042,-0.00007999999797903001,1
B73,CC_Base_R_Clavicle,35,-0.5762955546379089,0.7825158834457397,0.23569351434707642,0,-0.8166269063949585,-0.5625675916671753,-0.1289864182472229,0,0.031659599393606186,-0.2668083906173706,0.9632289409637451,0,-7.182411193847656,18.417037963867188,2.0191240310668945,1
B74,CC_Base_R_Upperarm,73,0.703415036201477,0.6836138367652893,-0.1946134865283966,0,-0.710213303565979,0.6651003360748291,-0.23072783648967743,0,-0.02829023078083992,0.300514817237854,0.9533571600914001,0,-0.0001500000071246177,12.278057098388672,0.00021699999342672527,1
B75,CC_Base_R_UpperarmTwist01,74,0.9992480278015137,0,-0.03878699988126755,0,0,1,0,0,0.03878699988126755,0,0.9992470145225525,0,-0.0000470000013592653,-0.000003999999989900971,9.999999974752427e-7,1
B76,CC_Base_R_UpperarmTwist02,75,0.9992480278015137,-9.999999974752427e-7,0.038782998919487,0,9.999999974752427e-7,1,-0.000003000000106112566,0,-0.038782998919487,0.000003000000106112566,0.9992480278015137,0,-0.00004199999966658652,10.953129768371582,-0.000024000000848900527,1
B77,CC_Base_R_Forearm,74,0.9999729990959167,-0.0021434880327433348,0.007098000030964613,0,0.00026599998818710446,0.9670591354370117,0.2545511722564697,0,-0.007409487850964069,-0.25454217195510864,0.9670330882072449,0,0.0001849999971454963,21.906322479248047,-0.0000940000027185306,1
B78,CC_Base_R_ForearmTwist01,77,0.9999589920043945,0,-0.009002000093460083,0,0,1,0,0,0.009002000093460083,0,0.9999600052833557,0,0.000006000000212225132,-0.000018999999156221747,-9.999999974752427e-7,1
B79,CC_Base_R_ForearmTwist02,78,0.9998499751091003,0.000004999999873689376,0.017336999997496605,0,-0.000004999999873689376,1,-0.000009000000318337698,0,-0.017336999997496605,0.000009000000318337698,0.9998499751091003,0,0.00007599999662488699,10.756720542907715,0.0001630000042496249,1
B80,CC_Base_R_ElbowShareBone,77,0.9957060217857361,0.09162899851799011,-0.01321600005030632,0,-0.09201899915933609,0.9952170252799988,-0.03278699889779091,0,0.010147999972105026,0.033861998468637466,0.9993749856948853,0,0.000006000000212225132,-0.000018999999156221747,-9.999999974752427e-7,1
B81,CC_Base_R_Hand,77,0.9810810685157776,0.004214107524603605,0.1935504674911499,0,-0.014297489076852798,0.9986099600791931,0.05072982981801033,0,-0.19306769967079163,-0.052538156509399414,0.979777991771698,0,0.00013000000035390258,21.51341438293457,0.00027099999715574086,1
B82,CC_Base_R_Mid1,81,0.90826016664505,0.41407510638237,0.06002584844827652,0,-0.41756871342658997,0.888013482093811,0.1925266832113266,0,0.026416053995490074,-0.19992956519126892,0.9794542789459229,0,0.15922799706459045,10.067015647888184,1.913627028465271,1
B83,CC_Base_R_Mid2,82,0.8084315061569214,0.588534951210022,-0.008047029376029968,0,-0.5883094072341919,0.8075494170188904,-0.041892413049936295,0,-0.018156956881284714,0.03860129415988922,0.9990898966789246,0,-0.000019999999494757503,4.095016002655029,9.999999974752427e-7,1
B84,CC_Base_R_Mid3,83,0.9718869924545288,-0.22549599409103394,0.06773299723863602,0,0.22839799523353577,0.9728019833564758,-0.038596998900175095,0,-0.0571880005300045,0.05298199877142906,0.996957004070282,0,0.000028000000384054147,2.568145990371704,0.0000019999999949504854,1
B85,CC_Base_R_Ring1,81,0.8496889472007751,0.5207996368408203,0.08242973685264587,0,-0.5268875956535339,0.8446639776229858,0.09450263530015945,0,-0.02040894702076912,-0.1237286627292633,0.9921058416366577,0,-0.000024000000848900527,9.487497329711914,0,1
B86,CC_Base_R_Ring2,85,0.794076681137085,0.6065813899040222,-0.03872249275445938,0,-0.6077549457550049,0.7932911515235901,-0.03635631874203682,0,0.008665051311254501,0.05240289121866226,0.9985884428024292,0,-0.00005500000042957254,4.136253833770752,0.000003999999989900971,1
B87,CC_Base_R_Ring3,86,0.9467759728431702,-0.30785301327705383,0.09403499960899353,0,0.30932700634002686,0.9509549736976624,-0.0011579999700188637,0,-0.0890669971704483,0.030184000730514526,0.9955679774284363,0,-0.000003000000106112566,2.2282869815826416,0,1
B88,CC_Base_R_Thumb1,81,0.9479097723960876,0.3107669949531555,-0.06993629783391953,0,-0.19638527929782867,0.7430069446563721,0.6398220658302307,0,0.2507992386817932,-0.5927594304084778,0.7653335928916931,0,-0.5735269784927368,2.9994399547576904,2.817732095718384,1
B89,CC_Base_R_Thumb2,88,0.9953839778900146,0.07324177026748657,0.062010508030653,0,-0.04288318753242493,0.9175276160240173,-0.3953516483306885,0,-0.08585228025913239,0.3908672630786896,0.9164337515830994,0,-0.000007999999979801942,6.232687950134277,-0.000003999999989900971,1
B90,CC_Base_R_Thumb3,89,0.9892020225524902,0.13658399879932404,0.053144000470638275,0,-0.1465590000152588,0.9218760132789612,0.3586989939212799,0,0,-0.3626140058040619,0.9319400191307068,0,0.00002700000004551839,2.617371082305908,0,1
B91,CC_Base_R_Index1,81,0.9778320789337158,0.20080961287021637,0.05931345000863075,0,-0.2093857377767563,0.9376400113105774,0.27746298909187317,0,0.00010277576075168326,-0.2837323546409607,0.9589031338691711,0,0.03807099908590317,10.235011100769043,4.026186943054199,1
B92,CC_Base_R_Index2,91,0.7584240436553955,0.6493862271308899,-0.055575352162122726,0,-0.6514133214950562,0.758041501045227,-0.03213100507855415,0,0.02126288414001465,0.06057189032435417,0.9979374408721924,0,-0.00002700000004551839,3.4297099113464355,9.999999974752427e-7,1
B93,CC_Base_R_Index3,92,0.9669079780578613,-0.2453089952468872,0.07009900361299515,0,0.24499399960041046,0.9694349765777588,0.013194000348448753,0,-0.07119300216436386,0.004416000097990036,0.997452974319458,0,-0.00003199999991920777,2.241370916366577,0.000003000000106112566,1
B94,CC_Base_R_Pinky1,81,0.8447957634925842,0.49812114238739014,-0.19543343782424927,0,-0.5073418617248535,0.8617373704910278,0.0033190655522048473,0,0.17006604373455048,0.09634800255298615,0.9807115197181702,0,0.03808800131082535,8.97046947479248,-1.7115999460220337,1
B95,CC_Base_R_Pinky2,94,0.8589154481887817,0.5119975209236145,-0.010997053235769272,0,-0.5120135545730591,0.858116865158081,-0.03842225670814514,0,-0.010235564783215523,0.03863177075982094,0.9992009401321411,0,-0.000043000000005122274,3.3039710521698,0.000003000000106112566,1
B96,CC_Base_R_Pinky3,95,0.9885789752006531,-0.14262400567531586,0.04868299886584282,0,0.14295099675655365,0.9897239804267883,-0.0032790000550448895,0,-0.04771500080823898,0.010200999677181244,0.9988089799880981,0,-0.000060999998822808266,2.0392680168151855,0.000003000000106112566,1
B97,CC_Base_R_RibsTwist,35,-1,-0.000015999999959603883,0.000009999999747378752,0,0.000012999999853491317,-0.18940700590610504,0.9818990230560303,0,-0.000012999999853491317,0.9818990230560303,0.18940700590610504,0,-8.30030345916748,5.603661060333252,7.489869117736816,1
B98,CC_Base_R_Breast,97,1,0,0,0,0,1,0,0,0,0,1,0,0.000014999999621068127,1.74384605884552,-0.00005999999848427251,1
B99,CC_Base_L_RibsTwist,35,-1,0.000014000000192027073,0.000012000000424450263,0,0.000009000000318337698,-0.18940700590610504,0.9818990230560303,0,0.000015999999959603883,0.9818990230560303,0.18940700590610504,0,8.307393074035645,5.597970008850098,7.493165016174316,1
B100,CC_Base_L_Breast,99,1,0,0,0,0,1,0,0,0,0,1,0,0.000014000000192027073,1.7438280582427979,0.000007999999979801942,1
@60,0,1,2,3,4,5,7,13,16,18,19,21,22,23,31,33,34,35,36,37,38,39,40,41,42,47,49,50,51,52,55,56,57,59,60,62,63,65,66,68,69,71,73,74,75,77,78,81,82,83,85,86,88,89,91,92,94,95,97,99
