5.833,30,174,101
B0,RL_BoneRoot,-1,0.9992312788963318,-0.029475145041942596,0.02584964968264103,0,0.02733418717980385,0.051130738109350204,-0.998318076133728,0,0.02810407057404518,0.9982565641403198,0.05189681798219681,0,-6.884629249572754,-25.876182556152344,35.909061431884766,1
B1,CC_Base_Hip,0,1,-0.000009000000318337698,-0.0000019999999949504854,0,0.000003000000106112566,0.12248300015926361,0.9924709796905518,0,-0.000007999999979801942,-0.9924709796905518,0.12248300015926361,0,0,0.00003400000059627928,85.62088012695312,1
B2,CC_Base_Pelvis,1,1,0,0,0,0,0.9565039873123169,0.291720986366272,0,0,-0.291720986366272,0.9565039873123169,0,0,-0.000003000000106112566,-9.999999974752427e-7,1
B3,CC_Base_L_Thigh,2,-0.9915028810501099,-0.026975657790899277,0.12725742161273956,0,0.11443989723920822,0.2842562794685364,0.9518935084342957,0,-0.06185157969594002,0.9583690762519836,-0.2787539064884186,0,6.284613132476807,-10.354743003845215,1.312103033065796,1
B4,CC_Base_L_Calf,3,0.9987228512763977,0.04792625457048416,0.01599939540028572,0,0.018027547746896744,-0.042197614908218384,-0.9989466071128845,0,-0.047200486063957214,0.9979592561721802,-0.043007463216781616,0,0.0009079999872483313,24.914146423339844,-0.000547999981790781,1
B5,CC_Base_L_Foot,4,0.997724175453186,-0.022466808557510376,0.06357177346944809,0,-0.03737417981028557,0.6004721522331238,0.7987719178199768,0,-0.056119587272405624,-0.7993297576904297,0.5982661247253418,0,-0.000910000002477318,38.69089889526367,-0.00558699993416667,1
B6,CC_Base_L_ToeBaseShareBone,5,0.9979259967803955,-0.0297279991209507,-0.057089999318122864,0,0.04771000146865845,0.937004029750824,0.34604400396347046,0,0.043205998837947845,-0.34804999828338623,0.9364799857139587,0,-0.000029000000722589903,12.731525421142578,-0.006018000189214945,1
B7,CC_Base_L_ToeBase,5,0.9979450106620789,-0.029796000570058823,-0.0567220002412796,0,0.04764699935913086,0.9369969964027405,0.3460730016231537,0,0.042837001383304596,-0.34806498885154724,0.9364910125732422,0,-0.0004900000058114529,12.73151683807373,-0.005876999814063311,1
B8,CC_Base_L_PinkyToe1,7,0.9945930242538452,-0.08771999925374985,-0.055587999522686005,0,0.052025001496076584,0.8841249942779541,-0.4643459916114807,0,0.08987899869680405,0.4589430093765259,0.8839079737663269,0,-2.372741937637329,0.2734839916229248,-0.4368090033531189,1
B9,CC_Base_L_RingToe1,7,0.9936699867248535,-0.0566370002925396,-0.0970190018415451,0,-0.005030999891459942,0.8403149843215942,-0.542074978351593,0,0.11222799867391586,0.5391319990158081,0.8347110152244568,0,-1.212162971496582,1.1116570234298706,-0.09113100171089172,1
B10,CC_Base_L_MidToe1,7,0.996379017829895,-0.01787099987268448,-0.08312900364398956,0,-0.019054999575018883,0.9058679938316345,-0.42313000559806824,0,0.08286599814891815,0.42318201065063477,0.9022470116615295,0,-0.000029000000722589903,1.901900053024292,0.000037999998312443495,1
B11,CC_Base_L_IndexToe1,7,0.9948530197143555,0.0004239999980200082,-0.10133399814367294,0,-0.04594000056385994,0.8932170271873474,-0.44727298617362976,0,0.09032399952411652,0.44962599873542786,0.8886380195617676,0,1.3655060529708862,1.9921809434890747,0.24882900714874268,1
B12,CC_Base_L_BigToe1,7,0.9996389746665955,0.024393999949097633,-0.011326000094413757,0,-0.025684000924229622,0.990788996219635,-0.13296100497245789,0,0.007977999746799469,0.13320399820804596,0.9910569787025452,0,3.1637520790100098,1.7822190523147583,0.01525299996137619,1
B13,CC_Base_L_CalfTwist01,4,1,0,0.0000019999999949504854,0,0,1,0.0000019999999949504854,0,-0.0000019999999949504854,-0.0000019999999949504854,1,0,0.000003000000106112566,-0.000011000000085914508,9.999999974752427e-7,1
B14,CC_Base_L_CalfTwist02,13,1,9.999999974752427e-7,-0.0010260000126436353,0,-9.999999974752427e-7,1,-0.000007000000096013537,0,0.0010260000126436353,0.000007000000096013537,1,0,-0.0004959999932907522,19.345460891723633,-0.002841999987140298,1
B15,CC_Base_L_KneeShareBone,4,0.9978640079498291,0.06523600220680237,0.003467000089585781,0,-0.06528200209140778,0.997747004032135,0.015500999987125397,0,-0.0024480000138282776,-0.01569399982690811,0.9998739957809448,0,0.000003000000106112566,-0.000011000000085914508,9.999999974752427e-7,1
B16,CC_Base_L_ThighTwist01,3,1,-0.00012700000661425292,-0.0000019999999949504854,0,0.00012700000661425292,1,-0.00001700000029813964,0,0.0000019999999949504854,0.00001700000029813964,1,0,0.000004999999873689376,0.000014000000192027073,0,1
B17,CC_Base_L_ThighTwist02,16,1,0.00010900000052060932,0.000007999999979801942,0,-0.00010900000052060932,1,-0.000012999999853491317,0,-0.000007999999979801942,0.000012999999853491317,1,0,-0.0011239999439567327,12.457856178283691,-0.0001320000010309741,1
B18,CC_Base_R_Thigh,2,-0.9836583733558655,-0.12261143326759338,-0.13184452056884766,0,-0.1569063663482666,0.22464145720005035,0.9617260694503784,0,-0.08830040693283081,0.9666971564292908,-0.24020875990390778,0,-6.284591197967529,-10.354735374450684,1.3122049570083618,1
B19,CC_Base_R_ThighTwist01,18,1,0.00001700000029813964,0.000004999999873689376,0,-0.00001700000029813964,1,-0.000029999999242136255,0,-0.000004999999873689376,0.000029999999242136255,1,0,-0.000003999999989900971,0.000058000001445179805,0.000003000000106112566,1
B20,CC_Base_R_ThighTwist02,19,1,-9.999999974752427e-7,-0.000011000000085914508,0,9.999999974752427e-7,1,-9.999999974752427e-7,0,0.000011000000085914508,9.999999974752427e-7,1,0,-0.0002570000069681555,12.673284530639648,0.00002700000004551839,1
B21,CC_Base_R_Calf,18,0.990119993686676,-0.09415439516305923,-0.1039062961935997,0,-0.10440607368946075,-0.0003778052341658622,-0.9945341348648071,0,0.09360085427761078,0.9955570697784424,-0.010204189456999302,0,-0.0009379999828524888,25.348526000976562,-0.000893999997060746,1
B22,CC_Base_R_Foot,21,0.9549885988235474,-0.15818189084529877,-0.2509499192237854,0,0.29646140336990356,0.5385854244232178,0.7886931300163269,0,0.010400954633951187,-0.8275895714759827,0.5612377524375916,0,0.0008750000270083547,38.272613525390625,-0.0059899999760091305,1
B23,CC_Base_R_ToeBase,22,0.9980403780937195,0.03020353987812996,0.05480445921421051,0,-0.048582080751657486,0.9259958863258362,0.37439489364624023,0,-0.03944045677781105,-0.37632352113723755,0.9256482720375061,0,0.000052999999752501026,13.070562362670898,0.000004999999873689376,1
B24,CC_Base_R_PinkyToe1,23,0.9951030015945435,0.08548899739980698,0.049616001546382904,0,-0.05284399911761284,0.8843280076980591,-0.4638659954071045,0,-0.08353299647569656,0.4589720070362091,0.8845149874687195,0,2.435115098953247,0.2806580066680908,-0.44835400581359863,1
B25,CC_Base_R_BigToe1,23,0.9996309876441956,-0.026633000001311302,0.005303000099956989,0,0.027101999148726463,0.9907580018043518,-0.1329060047864914,0,-0.0017140000127255917,0.13300000131130219,0.9911140203475952,0,-3.246933937072754,1.829064965248108,0.015633000060915947,1
B26,CC_Base_R_IndexToe1,23,0.9954410195350647,-0.0026700000744313,0.09534300118684769,0,0.045244000852108,0.8932070136070251,-0.4473640024662018,0,-0.08396700024604797,0.4496380090713501,0.8892560005187988,0,-1.4014309644699097,2.044512987136841,0.2553099989891052,1
B27,CC_Base_R_MidToe1,23,0.9968960285186768,0.015598000027239323,0.07716900110244751,0,0.0186110008507967,0.9057130217552185,-0.4234830141067505,0,-0.07649900019168854,0.4236049950122833,0.9026110172271729,0,0.000009000000318337698,1.951854944229126,-0.000048000001697801054,1
B28,CC_Base_R_RingToe1,23,0.9943600296974182,0.05439800024032593,0.09104400128126144,0,0.0036410000175237656,0.8404250144958496,-0.5419149994850159,0,-0.10599499940872192,0.5391899943351746,0.8354880213737488,0,1.244014024734497,1.1408449411392212,-0.09359999746084213,1
B29,CC_Base_R_ToeBaseShareBone,22,0.9979270100593567,0.029696999117732048,0.05709899961948395,0,-0.04770300164818764,0.9368529915809631,0.346453994512558,0,-0.04320399835705757,-0.34845998883247375,0.9363269805908203,0,-0.00010599999950500205,13.070576667785645,0.0001610000035725534,1
B30,CC_Base_R_KneeShareBone,21,0.9975789785385132,-0.06950599700212479,-0.002128999913111329,0,0.06948400288820267,0.9975389838218689,-0.009349999949336052,0,0.0027729999274015427,0.009180000051856041,0.9999539852142334,0,-0.000007000000096013537,-0.00002300000051036477,0.0000019999999949504854,1
B31,CC_Base_R_CalfTwist01,21,1,-0.000024000000848900527,0.00002099999983329326,0,0.000024000000848900527,1,-0.00014000000373926014,0,-0.00002099999983329326,0.00014000000373926014,1,0,-0.000007000000096013537,-0.00002300000051036477,0.0000019999999949504854,1
B32,CC_Base_R_CalfTwist02,31,1,0.00002300000051036477,0.0009430000209249556,0,-0.00002300000051036477,1,0.0001340000017080456,0,-0.0009430000209249556,-0.0001340000017080456,1,0,0.000014000000192027073,19.13633918762207,-0.00009000000136438757,1
B33,CC_Base_Waist,1,0.9994815587997437,-0.028026480227708817,0.015848269686102867,0,0.02302531711757183,0.9662348628044128,0.2566325068473816,0,-0.02250579185783863,-0.2561343014240265,0.9663789868354797,0,-0.000014000000192027073,9.233434677124023,1.800771951675415,1
B34,CC_Base_Spine01,33,0.999970018863678,-0.0068360790610313416,0.0037175423931330442,0,0.006871693767607212,0.9999300241470337,-0.009622612036764622,0,-0.003651542356237769,0.009648227132856846,0.9999470114707947,0,-0.00002099999983329326,4.633234024047852,-0.0000940000027185306,1
B35,CC_Base_Spine02,34,0.999970018863678,-0.006697693839669228,0.003954542335122824,0,0.00743684871122241,0.9722871780395508,-0.23367299139499664,0,-0.0022797726560384035,0.2336956113576889,0.9723071455955505,0,0,11.583110809326172,0.0005460000247694552,1
B36,CC_Base_NeckTwist01,35,0.999796986579895,0.018468307331204414,0.008054614998400211,0,-0.016037845984101295,0.48745471239089966,0.8730006217956543,0,0.012196306139230728,-0.8729526400566101,0.48765233159065247,0,-0.000003999999989900971,23.772464752197266,-0.0021879998967051506,1
B37,CC_Base_NeckTwist02,36,0.999796986579895,0.016329459846019745,-0.01181107573211193,0,-0.01603984460234642,0.9995777606964111,0.024205828085541725,0,0.012201305478811264,-0.024011442437767982,0.9996367692947388,0,0,4.462110996246338,-0.000056000000768108293,1
B38,CC_Base_Head,37,0.9997959733009338,0.016323460265994072,-0.011912690475583076,0,-0.018462076783180237,0.9775278568267822,-0.20999640226364136,0,0.008216691203415394,0.21017402410507202,0.9776294231414795,0,-0.000003999999989900971,4.462123870849609,-0.0001500000071246177,1
B39,CC_Base_FacialBone,38,-0.000003000000106112566,0.829509973526001,-0.5584920048713684,0,-0.000029999999242136255,0.5584920048713684,0.829509973526001,0,1,0.000018999999156221747,0.00002300000051036477,0,0,-0.00006900000153109431,0.00002300000051036477,1
B40,CC_Base_JawRoot,39,-0.024081828072667122,0.9997037649154663,-0.003551769768819213,0,-0.9995177984237671,-0.02400721237063408,0.019712306559085846,0,0.019621307030320168,0.004025000147521496,0.9997990131378174,0,1.2180500030517578,2.166222095489502,0.00003400000059627928,1
B41,CC_Base_Tongue01,40,0.9914122223854065,0.13076460361480713,-0.0013771546073257923,0,-0.13071060180664062,0.991216242313385,0.020120305940508842,0,0.003996385261416435,-0.019767306745052338,0.999796986579895,0,2.8398139476776123,0.8803309798240662,0.00016399999731220305,1
B42,CC_Base_Tongue02,41,0.9839921593666077,0.17820437252521515,0.001738845370709896,0,-0.17820337414741516,0.9837885499000549,0.02009730599820614,0,0.0018703850219026208,-0.020085306838154793,0.999796986579895,0,0.9994080066680908,0.000003000000106112566,0,1
B43,CC_Base_Tongue03,42,1,0.00024300000222865492,0.0000019999999949504854,0,-0.00024300000222865492,1,-0.0000019999999949504854,0,-0.0000019999999949504854,0.0000019999999949504854,1,0,1.397405982017517,0.000037999998312443495,0,1
B44,CC_Base_Teeth02,40,1,-0.000004999999873689376,0.00019500000053085387,0,-0.000004999999873689376,-1,-0.00015999999595806003,0,0.00019500000053085387,0.00015999999595806003,-1,0,2.865143060684204,0.8370620012283325,0.0006130000110715628,1
B45,CC_Base_R_Eye,39,0,0,1,0,-0.000011000000085914508,-1,0,0,1,-0.000011000000085914508,0,0,6.357655048370361,6.724970817565918,-2.8744819164276123,1
B46,CC_Base_L_Eye,39,0,0,1,0,0.0000019999999949504854,-1,0,0,1,0.0000019999999949504854,0,0,6.357553005218506,6.724850177764893,2.875494956970215,1
B47,CC_Base_UpperJaw,39,-0.000009000000318337698,1,0.00010599999950500205,0,-1,-0.000009000000318337698,-0.000003000000106112566,0,-0.000003000000106112566,-0.00010599999950500205,1,0,2.456273078918457,5.795772075653076,0.00007899999764049426,1
B48,CC_Base_Teeth01,47,1,-0.000019999999494757503,-0.00006800000119255856,0,-0.000019999999494757503,-1,0.000022000000171829015,0,-0.00006800000119255856,-0.000022000000171829015,-1,0,0.029985999688506126,0.024896999821066856,0.0001849999971454963,1
B49,CC_Base_L_Clavicle,35,-0.38069474697113037,-0.8786553144454956,-0.2881615459918976,0,0.9130736589431763,-0.4064522385597229,0.033069100230932236,0,-0.14617981016635895,-0.25052350759506226,0.9570111632347107,0,7.182423114776611,18.417041778564453,2.0190629959106445,1
B50,CC_Base_L_Upperarm,49,0.5537533164024353,-0.7724181413650513,-0.31100913882255554,0,0.769127368927002,0.617588460445404,-0.1643984317779541,0,0.31906092166900635,-0.1481691300868988,0.9360798597335815,0,0.00013000000035390258,12.278055191040039,0.00022499999613501132,1
B51,CC_Base_L_Forearm,50,0.9999600052833557,0.008786999620497227,0.0014339241897687316,0,-0.0014430000446736813,0.001005183206871152,0.9999983906745911,0,0.008785384707152843,-0.9999610185623169,0.001017798320390284,0,-0.00005500000042957254,22.026033401489258,0.00009300000237999484,1
B52,CC_Base_L_ForearmTwist01,51,0.9999390244483948,0,0.011076999828219414,0,0,1,-0.0000019999999949504854,0,-0.011076999828219414,0.0000019999999949504854,0.9999390244483948,0,0.000028000000384054147,-0.000018999999156221747,0,1
B53,CC_Base_L_ForearmTwist02,52,0.9998199939727783,-0.000004999999873689376,-0.018946999683976173,0,0.000004999999873689376,1,-0.000009000000318337698,0,0.018946999683976173,0.000009000000318337698,0.9998199939727783,0,-0.0000940000027185306,10.928650856018066,0.0003209999995306134,1
B54,CC_Base_L_ElbowShareBone,51,0.993698000907898,-0.11061199754476547,0.018177000805735588,0,0.11183899641036987,0.9892719984054565,-0.09398499876260757,0,-0.007586000021547079,0.09542600065469742,0.9954079985618591,0,0.000028000000384054147,-0.000018999999156221747,0,1
B55,CC_Base_L_Hand,51,0.41189074516296387,0.49701449275016785,-0.7637558579444885,0,-0.453960657119751,0.8386625051498413,0.3009409010410309,0,0.7901046872138977,0.2227601557970047,0.5710620880126953,0,-0.0002530000056140125,21.857276916503906,0.0005629999795928597,1
B56,CC_Base_L_Mid1,55,0.9936059713363647,-0.11195000261068344,-0.014639000408351421,0,0.1128460019826889,0.9805690050125122,0.16046638786792755,0,-0.0036090000066906214,-0.1610923856496811,0.9869329929351807,0,-0.02384299971163273,9.633231163024902,1.712651014328003,1
B57,CC_Base_L_Mid2,56,0.960220992565155,-0.2792240083217621,0.0031580000650137663,0,0.27916499972343445,0.9596310257911682,-0.034306615591049194,0,0.006548000033944845,0.033823613077402115,0.9994069933891296,0,0.00005999999848427251,3.235901117324829,-0.000003000000106112566,1
B58,CC_Base_L_Mid3,57,0.9939619898796082,0.10932900011539459,-0.009282000362873077,0,-0.10938400030136108,0.9939829707145691,-0.005636999849230051,0,0.008609999902546406,0.006618000101298094,0.9999409914016724,0,0.000014000000192027073,2.8988869190216064,0.000003000000106112566,1
B59,CC_Base_L_Index1,55,0.9935600161552429,-0.11069600284099579,-0.024203000590205193,0,0.11315400153398514,0.9805399775505066,0.1604280024766922,0,0.005973000079393387,-0.16213400661945343,0.9867510199546814,0,0.11336100101470947,9.732462882995605,3.5423810482025146,1
B60,CC_Base_L_Index2,59,0.9314640164375305,-0.36379000544548035,0.005688000004738569,0,0.36370599269866943,0.9306049942970276,-0.041145384311676025,0,0.009674999862909317,0.040394000709056854,0.9991369843482971,0,0.000048999998398358,2.6663360595703125,0,1
B61,CC_Base_L_Index3,60,0.963483989238739,0.2665799856185913,-0.025187000632286072,0,-0.2665489912033081,0.9638100266456604,0.004647000227123499,0,0.02551399916410446,0.0022360000293701887,0.999671995639801,0,0.000011000000085914508,2.785736083984375,0.0000019999999949504854,1
B62,CC_Base_L_Ring1,55,0.9935809969902039,-0.11179500073194504,-0.017311999574303627,0,0.11312338709831238,0.9805439710617065,0.1604290008544922,0,-0.0009599999757483602,-0.16135700047016144,0.9868959784507751,0,0.00001700000029813964,9.481120109558105,0.0000019999999949504854,1
B63,CC_Base_L_Ring2,62,0.9932969808578491,-0.11559200286865234,-0.0003480000013951212,0,0.11557599902153015,0.9932019710540771,-0.013888999819755554,0,0.0019509999547153711,0.013755615800619125,0.9999030232429504,0,0.00005700000110664405,3.2926180362701416,0.000003000000106112566,1
B64,CC_Base_L_Ring3,63,0.9953060150146484,0.09586600214242935,-0.013279999606311321,0,-0.09634099900722504,0.9944810271263123,-0.04154900088906288,0,0.00922400038689375,0.04263300076127052,0.9990479946136475,0,0.00004199999966658652,2.463927984237671,0.000003000000106112566,1
B65,CC_Base_L_Pinky1,55,0.9945430159568787,-0.10310599952936172,-0.015904000028967857,0,0.10412699729204178,0.9904475808143616,0.0903950035572052,0,0.006432000081986189,-0.09155800193548203,0.9957789778709412,0,0.11334399878978729,9.456694602966309,-1.8425569534301758,1
B66,CC_Base_L_Pinky2,65,0.992231011390686,-0.12397400289773941,-0.01042800024151802,0,0.12436661124229431,0.990638017654419,0.056297000497579575,0,0.003350999904796481,-0.057156383991241455,0.9983599781990051,0,0.000007000000096013537,2.580780029296875,0,1
B67,CC_Base_L_Pinky3,66,0.9916260242462158,0.12826499342918396,-0.015072000212967396,0,-0.12852899730205536,0.9915400147438049,-0.01813800074160099,0,0.01261799968779087,0.019922999665141106,0.9997220039367676,0,-0.000007000000096013537,1.8957819938659668,0.000003999999989900971,1
B68,CC_Base_L_Thumb1,55,0.890923023223877,-0.08780761063098907,-0.4455850124359131,0,0.34810900688171387,0.762158989906311,0.5458329916000366,0,0.2916780114173889,-0.6414074301719666,0.7095919847488403,0,0.7388820052146912,3.780651092529297,3.3860459327697754,1
B69,CC_Base_L_Thumb2,68,0.9939150214195251,-0.11014200001955032,0.001164000015705824,0,0.10814739018678665,0.973800003528595,-0.2000453919172287,0,0.020899999886751175,0.1989540010690689,0.9797859787940979,0,0.000006000000212225132,7.693181037902832,0.00002300000051036477,1
B70,CC_Base_L_Thumb3,69,0.9429230093955994,0.2445790022611618,0.22600199282169342,0,-0.3330099880695343,0.692529022693634,0.6399279832839966,0,0,-0.6786640286445618,0.734449028968811,0,0.000035000000934815034,1.0738760232925415,0.000003999999989900971,1
B71,CC_Base_L_UpperarmTwist01,50,0.9993429780006409,-0.0000019999999949504854,0.03624600172042847,0,0.0000019999999949504854,1,0.0000019999999949504854,0,-0.03624600172042847,-0.0000019999999949504854,0.9993429780006409,0,0.00004999999873689376,-0.000003999999989900971,-9.999999974752427e-7,1
B72,CC_Base_L_UpperarmTwist02,71,0.9993429780006409,0.0000019999999949504854,-0.03624900057911873,0,-0.0000019999999949504854,1,-0.000003000000106112566,0,0.03624900057911873,0.000003000000106112566,0.9993429780006409,0,-0.00003199999991920777,11.0130033493042,-0.00007999999797903001,1
B73,CC_Base_R_Clavicle,35,-0.2159215658903122,0.9372692108154297,0.27368637919425964,0,-0.9734288454055786,-0.22852247953414917,0.014626606367528439,0,0.07625292241573334,-0.26325616240501404,0.9617075324058533,0,-7.182411193847656,18.417037963867188,2.0191240310668945,1
B74,CC_Base_R_Upperarm,73,0.28584256768226624,0.7534671425819397,-0.592097818851471,0,-0.13285110890865326,0.6430690884590149,0.754196047782898,0,0.9490223526954651,-0.13692046701908112,0.2839163541793823,0,-0.0001500000071246177,12.278057098388672,0.00021699999342672527,1
B75,CC_Base_R_UpperarmTwist01,74,0.9992480278015137,0,-0.03878699988126755,0,0,1,0,0,0.03878699988126755,0,0.9992470145225525,0,-0.0000470000013592653,-0.000003999999989900971,9.999999974752427e-7,1
B76,CC_Base_R_UpperarmTwist02,75,0.9992480278015137,-9.999999974752427e-7,0.038782998919487,0,9.999999974752427e-7,1,-0.000003000000106112566,0,-0.038782998919487,0.000003000000106112566,0.9992480278015137,0,-0.00004199999966658652,10.953129768371582,-0.000024000000848900527,1
B77,CC_Base_R_Forearm,74,0.9999589920043945,-0.006986463442444801,-0.005708612501621246,0,0.0008443848346360028,-0.5574925541877747,0.8301812410354614,0,-0.008982229977846146,-0.8301522731781006,-0.5574641823768616,0,0.0001849999971454963,21.906322479248047,-0.0000940000027185306,1
B78,CC_Base_R_ForearmTwist01,77,0.9999589920043945,0,-0.009002000093460083,0,0,1,0,0,0.009002000093460083,0,0.9999600052833557,0,0.000006000000212225132,-0.000018999999156221747,-9.999999974752427e-7,1
B79,CC_Base_R_ForearmTwist02,78,0.9998499751091003,0.000004999999873689376,0.017336999997496605,0,-0.000004999999873689376,1,-0.000009000000318337698,0,-0.017336999997496605,0.000009000000318337698,0.9998499751091003,0,0.00007599999662488699,10.756720542907715,0.0001630000042496249,1
B80,CC_Base_R_ElbowShareBone,77,0.9957060217857361,0.09162899851799011,-0.01321600005030632,0,-0.09201899915933609,0.9952170252799988,-0.03278699889779091,0,0.010147999972105026,0.033861998468637466,0.9993749856948853,0,0.000006000000212225132,-0.000018999999156221747,-9.999999974752427e-7,1
B81,CC_Base_R_Hand,77,0.6864802837371826,-0.37652885913848877,0.6220698356628418,0,0.46070972084999084,0.8870921730995178,0.02853049896657467,0,-0.562576413154602,0.2670082151889801,0.7824415564537048,0,0.00013000000035390258,21.51341438293457,0.00027099999715574086,1
B82,CC_Base_R_Mid1,81,0.9991660118103027,0.03884299844503403,0.012614999897778034,0,-0.040481001138687134,0.9828050136566162,0.1801529973745346,0,-0.005400000140070915,-0.18051399290561676,0.9835579991340637,0,0.15922799706459045,10.067015647888184,1.913627028465271,1
B83,CC_Base_R_Mid2,82,0.9760850071907043,0.2173680067062378,0.0029273848049342632,0,-0.2172359973192215,0.9758179783821106,-0.024228999391198158,0,-0.008123384788632393,0.023013999685645103,0.999701976776123,0,-0.000019999999494757503,4.095016002655029,9.999999974752427e-7,1
B84,CC_Base_R_Mid3,83,0.9718869924545288,-0.22549599409103394,0.06773299723863602,0,0.22839799523353577,0.9728019833564758,-0.038596998900175095,0,-0.0571880005300045,0.05298199877142906,0.996957004070282,0,0.000028000000384054147,2.568145990371704,0.0000019999999949504854,1
B85,CC_Base_R_Ring1,81,0.9643024206161499,0.25758400559425354,0.06140638515353203,0,-0.26209598779678345,0.9614989757537842,0.08261500298976898,0,-0.037762001156806946,-0.09576039016246796,0.9946879744529724,0,-0.000024000000848900527,9.487497329711914,0,1
B86,CC_Base_R_Ring2,85,0.9756090044975281,0.21761299669742584,-0.0288309995085001,0,-0.21826599538326263,0.9756450057029724,-0.021839000284671783,0,0.023375999182462692,0.02759961411356926,0.9993460178375244,0,-0.00005500000042957254,4.136253833770752,0.000003999999989900971,1
B87,CC_Base_R_Ring3,86,0.9467759728431702,-0.30785301327705383,0.09403499960899353,0,0.30932700634002686,0.9509549736976624,-0.0011579999700188637,0,-0.0890669971704483,0.030184000730514526,0.9955679774284363,0,-0.000003000000106112566,2.2282869815826416,0,1
B88,CC_Base_R_Thumb1,81,0.9056839942932129,0.4097509980201721,-0.10881199687719345,0,-0.3153040111064911,0.8225899934768677,0.47321099042892456,0,0.2834066152572632,-0.39427098631858826,0.8742030262947083,0,-0.5735269784927368,2.9994399547576904,2.817732095718384,1
B89,CC_Base_R_Thumb2,88,0.9983929991722107,-0.05442461371421814,-0.015805000439286232,0,0.049327000975608826,0.97182297706604,-0.23049360513687134,0,0.027904000133275986,0.2293429970741272,0.972944974899292,0,-0.000007999999979801942,6.232687950134277,-0.000003999999989900971,1
B90,CC_Base_R_Thumb3,89,0.9892020225524902,0.13658399879932404,0.053144000470638275,0,-0.1465590000152588,0.9218760132789612,0.3586989939212799,0,0,-0.3626140058040619,0.9319400191307068,0,0.00002700000004551839,2.617371082305908,0,1
B91,CC_Base_R_Index1,81,0.9995520114898682,-0.01741199940443039,0.024347614496946335,0,0.011657999828457832,0.9756270051002502,0.2191253900527954,0,-0.027569614350795746,-0.21874338388442993,0.9753929972648621,0,0.03807099908590317,10.235011100769043,4.026186943054199,1
B92,CC_Base_R_Index2,91,0.9950709939002991,0.08883199840784073,-0.04406261444091797,0,-0.08926700055599213,0.9959759712219238,-0.00798999983817339,0,0.04317561537027359,0.011884000152349472,0.9989969730377197,0,-0.00002700000004551839,3.4297099113464355,9.999999974752427e-7,1
B93,CC_Base_R_Index3,92,0.9669079780578613,-0.2453089952468872,0.07009900361299515,0,0.24499399960041046,0.9694349765777588,0.013194000348448753,0,-0.07119300216436386,0.004416000097990036,0.997452974319458,0,-0.00003199999991920777,2.241370916366577,0.000003000000106112566,1
B94,CC_Base_R_Pinky1,81,0.9403600096702576,0.3350220024585724,0.05901699885725975,0,-0.333967000246048,0.942192018032074,-0.02720138616859913,0,-0.06471800059080124,0.005869000218808651,0.9978860020637512,0,0.03808800131082535,8.97046947479248,-1.7115999460220337,1
B95,CC_Base_R_Pinky2,94,0.9450579881668091,0.32683199644088745,-0.00675038481131196,0,-0.32684800028800964,0.9443240165710449,-0.03771999850869179,0,-0.0059529999271035194,0.03785400092601776,0.9992660284042358,0,-0.000043000000005122274,3.3039710521698,0.000003000000106112566,1
B96,CC_Base_R_Pinky3,95,0.9885789752006531,-0.14262400567531586,0.04868299886584282,0,0.14295099675655365,0.9897239804267883,-0.0032790000550448895,0,-0.04771500080823898,0.010200999677181244,0.9988089799880981,0,-0.000060999998822808266,2.0392680168151855,0.000003000000106112566,1
B97,CC_Base_R_RibsTwist,35,-1,-0.000015999999959603883,0.000009999999747378752,0,0.000012999999853491317,-0.18940700590610504,0.9818990230560303,0,-0.000012999999853491317,0.9818990230560303,0.18940700590610504,0,-8.30030345916748,5.603661060333252,7.489869117736816,1
B98,CC_Base_R_Breast,97,1,0,0,0,0,1,0,0,0,0,1,0,0.000014999999621068127,1.74384605884552,-0.00005999999848427251,1
B99,CC_Base_L_RibsTwist,35,-1,0.000014000000192027073,0.000012000000424450263,0,0.000009000000318337698,-0.18940700590610504,0.9818990230560303,0,0.000015999999959603883,0.9818990230560303,0.18940700590610504,0,8.307393074035645,5.597970008850098,7.493165016174316,1
B100,CC_Base_L_Breast,99,1,0,0,0,0,1,0,0,0,0,1,0,0.000014000000192027073,1.7438280582427979,0.000007999999979801942,1
@60,0,1,2,3,4,5,7,13,16,18,19,21,22,23,31,33,34,35,36,37,38,39,40,41,42,47,49,50,51,52,55,56,57,59,60,62,63,65,66,68,69,71,73,74,75,77,78,81,82,83,85,86,88,89,91,92,94,95,97,99
