7.000,30,210,101
B0,RL_BoneRoot,-1,0.998595118522644,0.030974792316555977,0.04299240931868553,0,0.04647193104028702,-0.12214738875627518,-0.9914213418960571,0,-0.025458313524723053,0.9920260310173035,-0.12341509759426117,0,1.9089027643203735,-34.05219650268555,7.661890983581543,1
B1,CC_Base_Hip,0,1,-0.000009000000318337698,-0.0000019999999949504854,0,0.000003000000106112566,0.12248300015926361,0.9924709796905518,0,-0.000007999999979801942,-0.9924709796905518,0.12248300015926361,0,0,0.00003400000059627928,85.62088012695312,1
B2,CC_Base_Pelvis,1,1,0,0,0,0,0.9565039873123169,0.291720986366272,0,0,-0.291720986366272,0.9565039873123169,0,0,-0.000003000000106112566,-9.999999974752427e-7,1
B3,CC_Base_L_Thigh,2,-0.9442502856254578,0.058148644864559174,0.3240504562854767,0,0.3235519230365753,0.34585657715797424,0.8807346820831299,0,-0.06086299568414688,0.9364820122718811,-0.3453892767429352,0,6.284613132476807,-10.354743003845215,1.312103033065796,1
B4,CC_Base_L_Calf,3,0.9684699773788452,-0.2127263844013214,0.12966632843017578,0,0.13031882047653198,-0.011013592593371868,-0.991410493850708,0,0.21232734620571136,0.9770494103431702,0.017056405544281006,0,0.0009079999872483313,24.914146423339844,-0.000547999981790781,1
B5,CC_Base_L_Foot,4,0.9945288896560669,0.07813684642314911,0.06932895630598068,0,-0.1038966029882431,0.8087239861488342,0.5789395570755005,0,-0.010831018909811974,-0.5829753875732422,0.8124173879623413,0,-0.000910000002477318,38.69089889526367,-0.00558699993416667,1
B6,CC_Base_L_ToeBaseShareBone,5,0.9979259967803955,-0.0297279991209507,-0.057089999318122864,0,0.04771000146865845,0.937004029750824,0.34604400396347046,0,0.043205998837947845,-0.34804999828338623,0.9364799857139587,0,-0.000029000000722589903,12.731525421142578,-0.006018000189214945,1
B7,CC_Base_L_ToeBase,5,0.9979450106620789,-0.029797999188303947,-0.05672040209174156,0,0.04764699935913086,0.9369999766349792,0.3460640013217926,0,0.04283500090241432,-0.34805500507354736,0.9364950060844421,0,-0.0004900000058114529,12.73151683807373,-0.005876999814063311,1
B8,CC_Base_L_PinkyToe1,7,0.9945930242538452,-0.08771999925374985,-0.055587999522686005,0,0.052025001496076584,0.8841249942779541,-0.4643459916114807,0,0.08987899869680405,0.4589430093765259,0.8839079737663269,0,-2.372741937637329,0.2734839916229248,-0.4368090033531189,1
B9,CC_Base_L_RingToe1,7,0.9936699867248535,-0.0566370002925396,-0.0970190018415451,0,-0.005030999891459942,0.8403149843215942,-0.542074978351593,0,0.11222799867391586,0.5391319990158081,0.8347110152244568,0,-1.212162971496582,1.1116570234298706,-0.09113100171089172,1
B10,CC_Base_L_MidToe1,7,0.996379017829895,-0.01787099987268448,-0.08312900364398956,0,-0.019054999575018883,0.9058679938316345,-0.42313000559806824,0,0.08286599814891815,0.42318201065063477,0.9022470116615295,0,-0.000029000000722589903,1.901900053024292,0.000037999998312443495,1
B11,CC_Base_L_IndexToe1,7,0.9948530197143555,0.0004239999980200082,-0.10133399814367294,0,-0.04594000056385994,0.8932170271873474,-0.44727298617362976,0,0.09032399952411652,0.44962599873542786,0.8886380195617676,0,1.3655060529708862,1.9921809434890747,0.24882900714874268,1
B12,CC_Base_L_BigToe1,7,0.9996389746665955,0.024393999949097633,-0.011326000094413757,0,-0.025684000924229622,0.990788996219635,-0.13296100497245789,0,0.007977999746799469,0.13320399820804596,0.9910569787025452,0,3.1637520790100098,1.7822190523147583,0.01525299996137619,1
B13,CC_Base_L_CalfTwist01,4,1,0,0.0000019999999949504854,0,0,1,0.0000019999999949504854,0,-0.0000019999999949504854,-0.0000019999999949504854,1,0,0.000003000000106112566,-0.000011000000085914508,9.999999974752427e-7,1
B14,CC_Base_L_CalfTwist02,13,1,9.999999974752427e-7,-0.0010260000126436353,0,-9.999999974752427e-7,1,-0.000007000000096013537,0,0.0010260000126436353,0.000007000000096013537,1,0,-0.0004959999932907522,19.345460891723633,-0.002841999987140298,1
B15,CC_Base_L_KneeShareBone,4,0.9978640079498291,0.06523600220680237,0.003467000089585781,0,-0.06528200209140778,0.997747004032135,0.015500999987125397,0,-0.0024480000138282776,-0.01569399982690811,0.9998739957809448,0,0.000003000000106112566,-0.000011000000085914508,9.999999974752427e-7,1
B16,CC_Base_L_ThighTwist01,3,1,-0.00012700000661425292,-0.0000019999999949504854,0,0.00012700000661425292,1,-0.00001700000029813964,0,0.0000019999999949504854,0.00001700000029813964,1,0,0.000004999999873689376,0.000014000000192027073,0,1
B17,CC_Base_L_ThighTwist02,16,1,0.00010900000052060932,0.000007999999979801942,0,-0.00010900000052060932,1,-0.000012999999853491317,0,-0.000007999999979801942,0.000012999999853491317,1,0,-0.0011239999439567327,12.457856178283691,-0.0001320000010309741,1
B18,CC_Base_R_Thigh,2,-0.9763429760932922,-0.08400613069534302,-0.19924196600914001,0,-0.21618366241455078,0.36054304242134094,0.907342791557312,0,-0.004387447144836187,0.9289502501487732,-0.3701744079589844,0,-6.284591197967529,-10.354735374450684,1.3122049570083618,1
B19,CC_Base_R_ThighTwist01,18,1,0.00001700000029813964,0.000004999999873689376,0,-0.00001700000029813964,1,-0.000029999999242136255,0,-0.000004999999873689376,0.000029999999242136255,1,0,-0.000003999999989900971,0.000058000001445179805,0.000003000000106112566,1
B20,CC_Base_R_ThighTwist02,19,1,-9.999999974752427e-7,-0.000011000000085914508,0,9.999999974752427e-7,1,-9.999999974752427e-7,0,0.000011000000085914508,9.999999974752427e-7,1,0,-0.0002570000069681555,12.673284530639648,0.00002700000004551839,1
B21,CC_Base_R_Calf,18,0.9919244050979614,-0.09165498614311218,-0.08766229450702667,0,-0.09217619895935059,-0.046218760311603546,-0.9946692585945129,0,0.08711560070514679,0.9947174787521362,-0.054293762892484665,0,-0.0009379999828524888,25.348526000976562,-0.000893999997060746,1
B22,CC_Base_R_Foot,21,0.9644601345062256,-0.2443622201681137,-0.10051969438791275,0,0.2508283257484436,0.7270915508270264,0.639080286026001,0,-0.08308029919862747,-0.6415805220603943,0.7625426650047302,0,0.0008750000270083547,38.272613525390625,-0.0059899999760091305,1
B23,CC_Base_R_ToeBase,22,0.9979519844055176,0.029851403087377548,0.05657599866390228,0,-0.0477714017033577,0.9359821677207947,0.3487910330295563,0,-0.042541999369859695,-0.3507790267467499,0.9354912042617798,0,0.000052999999752501026,13.070562362670898,0.000004999999873689376,1
B24,CC_Base_R_PinkyToe1,23,0.9951030015945435,0.08548899739980698,0.049616001546382904,0,-0.05284399911761284,0.8843280076980591,-0.4638659954071045,0,-0.08353299647569656,0.4589720070362091,0.8845149874687195,0,2.435115098953247,0.2806580066680908,-0.44835400581359863,1
B25,CC_Base_R_BigToe1,23,0.9996309876441956,-0.026633000001311302,0.005303000099956989,0,0.027101999148726463,0.9907580018043518,-0.1329060047864914,0,-0.0017140000127255917,0.13300000131130219,0.9911140203475952,0,-3.246933937072754,1.829064965248108,0.015633000060915947,1
B26,CC_Base_R_IndexToe1,23,0.9954410195350647,-0.0026700000744313,0.09534300118684769,0,0.045244000852108,0.8932070136070251,-0.4473640024662018,0,-0.08396700024604797,0.4496380090713501,0.8892560005187988,0,-1.4014309644699097,2.044512987136841,0.2553099989891052,1
B27,CC_Base_R_MidToe1,23,0.9968960285186768,0.015598000027239323,0.07716900110244751,0,0.0186110008507967,0.9057130217552185,-0.4234830141067505,0,-0.07649900019168854,0.4236049950122833,0.9026110172271729,0,0.000009000000318337698,1.951854944229126,-0.000048000001697801054,1
B28,CC_Base_R_RingToe1,23,0.9943600296974182,0.05439800024032593,0.09104400128126144,0,0.0036410000175237656,0.8404250144958496,-0.5419149994850159,0,-0.10599499940872192,0.5391899943351746,0.8354880213737488,0,1.244014024734497,1.1408449411392212,-0.09359999746084213,1
B29,CC_Base_R_ToeBaseShareBone,22,0.9979270100593567,0.029696999117732048,0.05709899961948395,0,-0.04770300164818764,0.9368529915809631,0.346453994512558,0,-0.04320399835705757,-0.34845998883247375,0.9363269805908203,0,-0.00010599999950500205,13.070576667785645,0.0001610000035725534,1
B30,CC_Base_R_KneeShareBone,21,0.9975789785385132,-0.06950599700212479,-0.002128999913111329,0,0.06948400288820267,0.9975389838218689,-0.009349999949336052,0,0.0027729999274015427,0.009180000051856041,0.9999539852142334,0,-0.000007000000096013537,-0.00002300000051036477,0.0000019999999949504854,1
B31,CC_Base_R_CalfTwist01,21,1,-0.000024000000848900527,0.00002099999983329326,0,0.000024000000848900527,1,-0.00014000000373926014,0,-0.00002099999983329326,0.00014000000373926014,1,0,-0.000007000000096013537,-0.00002300000051036477,0.0000019999999949504854,1
B32,CC_Base_R_CalfTwist02,31,1,0.00002300000051036477,0.0009430000209249556,0,-0.00002300000051036477,1,0.0001340000017080456,0,-0.0009430000209249556,-0.0001340000017080456,1,0,0.000014000000192027073,19.13633918762207,-0.00009000000136438757,1
B33,CC_Base_Waist,1,0.9978187680244446,-0.06337010115385056,-0.01847882941365242,0,0.06556735187768936,0.9191432595252991,0.3884066641330719,0,-0.007630627602338791,-0.38877078890800476,0.9212934970855713,0,-0.000014000000192027073,9.233434677124023,1.800771951675415,1
B34,CC_Base_Spine01,33,0.9999498128890991,-0.00997029710561037,0.0010735827963799238,0,0.009926491416990757,0.999332070350647,0.03516894951462746,0,-0.0014235378475859761,-0.03515654429793358,0.9993807077407837,0,-0.00002099999983329326,4.633234024047852,-0.0000940000027185306,1
B35,CC_Base_Spine02,34,0.9999508261680603,-0.009896505624055862,0.000936612777877599,0,0.00989435613155365,0.9817529320716858,-0.18990200757980347,0,0.0009601182537153363,0.1899014115333557,0.9818025231361389,0,0,11.583110809326172,0.0005460000247694552,1
B36,CC_Base_NeckTwist01,35,0.999987781047821,-0.0013263261644169688,0.004699998535215855,0,-0.003393044462427497,0.5034353733062744,0.8640263676643372,0,-0.003512325696647167,-0.8640317916870117,0.5034245848655701,0,-0.000003999999989900971,23.772464752197266,-0.0021879998967051506,1
B37,CC_Base_NeckTwist02,36,0.999987781047821,0.0033750594593584538,0.0035269225481897593,0,-0.003396044485270977,0.9999772310256958,0.005881384015083313,0,-0.0035073256585747004,-0.0058935778215527534,0.9999760389328003,0,0,4.462110996246338,-0.000056000000768108293,1
B38,CC_Base_Head,37,0.9999887943267822,0.0033690594136714935,0.0034259227104485035,0,-0.0024994330015033484,0.9736828207969666,-0.22789335250854492,0,-0.004103982355445623,0.2278827577829361,0.9736796617507935,0,-0.000003999999989900971,4.462123870849609,-0.0001500000071246177,1
B39,CC_Base_FacialBone,38,-0.000003000000106112566,0.829509973526001,-0.5584920048713684,0,-0.000029999999242136255,0.5584920048713684,0.829509973526001,0,1,0.000018999999156221747,0.00002300000051036477,0,0,-0.00006900000153109431,0.00002300000051036477,1
B40,CC_Base_JawRoot,39,-0.005824577994644642,0.9999710321426392,-0.004854699596762657,0,-0.9999831914901733,-0.005826771724969149,-0.0004109384899493307,0,-0.00043892351095564663,0.004851908423006535,0.999987781047821,0,1.2180500030517578,2.166222095489502,0.00003400000059627928,1
B41,CC_Base_Tongue01,40,0.993622362613678,0.11265359073877335,-0.004825370851904154,0,-0.11265378445386887,0.9936345815658569,0.00025253891362808645,0,0.0048229084350168705,0.00029292350518517196,0.999987781047821,0,2.8398139476776123,0.8803309798240662,0.00016399999731220305,1
B42,CC_Base_Tongue02,41,0.9870618581771851,0.16027159988880157,-0.004736012313514948,0,-0.16026820242404938,0.9870730638504028,0.000999732525087893,0,0.00483517674729228,-0.00022755387180950493,0.9999887943267822,0,0.9994080066680908,0.000003000000106112566,0,1
B43,CC_Base_Tongue03,42,1,0.00024300000222865492,0.0000019999999949504854,0,-0.00024300000222865492,1,-0.0000019999999949504854,0,-0.0000019999999949504854,0.0000019999999949504854,1,0,1.397405982017517,0.000037999998312443495,0,1
B44,CC_Base_Teeth02,40,1,-0.000004999999873689376,0.00019500000053085387,0,-0.000004999999873689376,-1,-0.00015999999595806003,0,0.00019500000053085387,0.00015999999595806003,-1,0,2.865143060684204,0.8370620012283325,0.0006130000110715628,1
B45,CC_Base_R_Eye,39,0,0,1,0,-0.000011000000085914508,-1,0,0,1,-0.000011000000085914508,0,0,6.357655048370361,6.724970817565918,-2.8744819164276123,1
B46,CC_Base_L_Eye,39,0,0,1,0,0.0000019999999949504854,-1,0,0,1,0.0000019999999949504854,0,0,6.357553005218506,6.724850177764893,2.875494956970215,1
B47,CC_Base_UpperJaw,39,-0.000009000000318337698,1,0.00010599999950500205,0,-1,-0.000009000000318337698,-0.000003000000106112566,0,-0.000003000000106112566,-0.00010599999950500205,1,0,2.456273078918457,5.795772075653076,0.00007899999764049426,1
B48,CC_Base_Teeth01,47,1,-0.000019999999494757503,-0.00006800000119255856,0,-0.000019999999494757503,-1,0.000022000000171829015,0,-0.00006800000119255856,-0.000022000000171829015,-1,0,0.029985999688506126,0.024896999821066856,0.0001849999971454963,1
B49,CC_Base_L_Clavicle,35,-0.4335618317127228,-0.8021887540817261,-0.4105043113231659,0,0.8055803775787354,-0.5491783022880554,0.22234897315502167,0,-0.4038066864013672,-0.23429569602012634,0.8843328952789307,0,7.182423114776611,18.417041778564453,2.0190629959106445,1
B50,CC_Base_L_Upperarm,49,0.8360872268676758,-0.537315309047699,0.11062846332788467,0,0.5068925023078918,0.8337743878364563,0.21879072487354279,0,-0.20979832112789154,-0.12685146927833557,0.9694696068763733,0,0.00013000000035390258,12.278055191040039,0.00022499999613501132,1
B51,CC_Base_L_Forearm,50,0.999966025352478,0.007795536424964666,-0.0025955084711313248,0,-0.0012819550465792418,0.46002644300460815,0.8878403902053833,0,0.008116716518998146,-0.8878073692321777,0.4600210189819336,0,-0.00005500000042957254,22.026033401489258,0.00009300000237999484,1
B52,CC_Base_L_ForearmTwist01,51,0.9999390244483948,0,0.011076999828219414,0,0,1,-0.0000019999999949504854,0,-0.011076999828219414,0.0000019999999949504854,0.9999390244483948,0,0.000028000000384054147,-0.000018999999156221747,0,1
B53,CC_Base_L_ForearmTwist02,52,0.9998199939727783,-0.000004999999873689376,-0.018946999683976173,0,0.000004999999873689376,1,-0.000009000000318337698,0,0.018946999683976173,0.000009000000318337698,0.9998199939727783,0,-0.0000940000027185306,10.928650856018066,0.0003209999995306134,1
B54,CC_Base_L_ElbowShareBone,51,0.993698000907898,-0.11061199754476547,0.018177000805735588,0,0.11183899641036987,0.9892719984054565,-0.09398499876260757,0,-0.007586000021547079,0.09542600065469742,0.9954079985618591,0,0.000028000000384054147,-0.000018999999156221747,0,1
B55,CC_Base_L_Hand,51,0.8930192589759827,0.22638320922851562,-0.3885166347026825,0,-0.28110721707344055,0.9554848074913025,-0.08951249718666077,0,0.35096681118011475,0.18910638988018036,0.916917622089386,0,-0.0002530000056140125,21.857276916503906,0.0005629999795928597,1
B56,CC_Base_L_Mid1,55,0.6444505453109741,-0.7617823481559753,-0.06341075897216797,0,0.7643669843673706,0.6430228352546692,0.04335669428110123,0,0.007830078713595867,-0.0765138566493988,0.9970203042030334,0,-0.02384299971163273,9.633231163024902,1.712651014328003,1
B57,CC_Base_L_Mid2,56,0.8556272983551025,-0.5174164772033691,0.013383043929934502,0,0.5173237919807434,0.8540729880332947,-0.054155878722667694,0,0.016591252759099007,0.05326029658317566,0.9984426498413086,0,0.00005999999848427251,3.235901117324829,-0.000003000000106112566,1
B58,CC_Base_L_Mid3,57,0.9939619898796082,0.10932900011539459,-0.009282000362873077,0,-0.10938400030136108,0.9939829707145691,-0.005636999849230051,0,0.008609999902546406,0.006618000101298094,0.9999409914016724,0,0.000014000000192027073,2.8988869190216064,0.000003000000106112566,1
B59,CC_Base_L_Index1,55,0.5782999992370605,-0.8124338984489441,-0.07320840656757355,0,0.81534343957901,0.5783977508544922,0.02187720127403736,0,0.024618379771709442,-0.07240834087133408,0.9970552325248718,0,0.11336100101470947,9.732462882995605,3.5423810482025146,1
B60,CC_Base_L_Index2,59,0.8375774621963501,-0.5461538434028625,0.01335719134658575,0,0.5460482239723206,0.8361467123031616,-0.05184917524456978,0,0.01714939996600151,0.0507211908698082,0.9985658526420593,0,0.000048999998398358,2.6663360595703125,0,1
B61,CC_Base_L_Index3,60,0.963483989238739,0.2665799856185913,-0.025187000632286072,0,-0.2665489912033081,0.9638100266456604,0.004647000227123499,0,0.02551399916410446,0.0022360000293701887,0.999671995639801,0,0.000011000000085914508,2.785736083984375,0.0000019999999949504854,1
B62,CC_Base_L_Ring1,55,0.7731494307518005,-0.6310369968414307,-0.06152027100324631,0,0.6329926252365112,0.7737559676170349,0.01839299686253071,0,0.03607410937547684,-0.05324040725827217,0.9979111552238464,0,0.00001700000029813964,9.481120109558105,0.0000019999999949504854,1
B63,CC_Base_L_Ring2,62,0.8927867412567139,-0.4502851665019989,0.00978069193661213,0,0.4502323567867279,0.891684889793396,-0.045920711010694504,0,0.011964662000536919,0.045400459319353104,0.998897135257721,0,0.00005700000110664405,3.2926180362701416,0.000003000000106112566,1
B64,CC_Base_L_Ring3,63,0.9953060150146484,0.09586600214242935,-0.013279999606311321,0,-0.09634099900722504,0.9944810271263123,-0.04154900088906288,0,0.00922400038689375,0.04263300076127052,0.9990479946136475,0,0.00004199999966658652,2.463927984237671,0.000003000000106112566,1
B65,CC_Base_L_Pinky1,55,0.79676753282547,-0.6012145280838013,-0.05961862951517105,0,0.6029255390167236,0.7975220680236816,0.015305251814424992,0,0.03842052444815636,-0.04820600524544716,0.9980703592300415,0,0.11334399878978729,9.456694602966309,-1.8425569534301758,1
B66,CC_Base_L_Pinky2,65,0.9565377831459045,-0.2915002107620239,0.0016901902854442596,0,0.29141882061958313,0.956098735332489,-0.029813136905431747,0,0.00708062294870615,0.02901006117463112,0.9995539784431458,0,0.000007000000096013537,2.580780029296875,0,1
B67,CC_Base_L_Pinky3,66,0.9916260242462158,0.12826499342918396,-0.015072000212967396,0,-0.12852899730205536,0.9915400147438049,-0.01813800074160099,0,0.01261799968779087,0.019922999665141106,0.9997220039367676,0,-0.000007000000096013537,1.8957819938659668,0.000003999999989900971,1
B68,CC_Base_L_Thumb1,55,0.8050742149353027,-0.08099620789289474,-0.5876182317733765,0,0.4760302007198334,0.6792662739753723,0.5585633516311646,0,0.35390764474868774,-0.7294087409973145,0.5854164361953735,0,0.7388820052146912,3.780651092529297,3.3860459327697754,1
B69,CC_Base_L_Thumb2,68,0.9443159103393555,-0.32483792304992676,0.052213288843631744,0,0.32281920313835144,0.884138286113739,-0.3376948833465576,0,0.06355898082256317,0.33575084805488586,0.9397863745689392,0,0.000006000000212225132,7.693181037902832,0.00002300000051036477,1
B70,CC_Base_L_Thumb3,69,0.9429230093955994,0.2445790022611618,0.22600199282169342,0,-0.3330099880695343,0.692529022693634,0.6399279832839966,0,0,-0.6786640286445618,0.734449028968811,0,0.000035000000934815034,1.0738760232925415,0.000003999999989900971,1
B71,CC_Base_L_UpperarmTwist01,50,0.9993429780006409,-0.0000019999999949504854,0.03624600172042847,0,0.0000019999999949504854,1,0.0000019999999949504854,0,-0.03624600172042847,-0.0000019999999949504854,0.9993429780006409,0,0.00004999999873689376,-0.000003999999989900971,-9.999999974752427e-7,1
B72,CC_Base_L_UpperarmTwist02,71,0.9993429780006409,0.0000019999999949504854,-0.03624900057911873,0,-0.0000019999999949504854,1,-0.000003000000106112566,0,0.03624900057911873,0.000003000000106112566,0.9993429780006409,0,-0.00003199999991920777,11.0130033493042,-0.00007999999797903001,1
B73,CC_Base_R_Clavicle,35,-0.4661882519721985,0.7720692753791809,0.4319359362125397,0,-0.7700562477111816,-0.5944862961769104,0.2314935028553009,0,0.4355114698410034,-0.2247028797864914,0.8716830611228943,0,-7.182411193847656,18.417037963867188,2.0191240310668945,1
B74,CC_Base_R_Upperarm,73,0.8045320510864258,0.58167564868927,-0.11991218477487564,0,-0.4989176392555237,0.771393358707428,0.3947080671787262,0,0.32208865880966187,-0.2577308118343353,0.9108192920684814,0,-0.0001500000071246177,12.278057098388672,0.00021699999342672527,1
B75,CC_Base_R_UpperarmTwist01,74,0.9992480278015137,0,-0.03878699988126755,0,0,1,0,0,0.03878699988126755,0,0.9992470145225525,0,-0.0000470000013592653,-0.000003999999989900971,9.999999974752427e-7,1
B76,CC_Base_R_UpperarmTwist02,75,0.9992480278015137,-9.999999974752427e-7,0.038782998919487,0,9.999999974752427e-7,1,-0.000003000000106112566,0,-0.038782998919487,0.000003000000106112566,0.9992480278015137,0,-0.00004199999966658652,10.953129768371582,-0.000024000000848900527,1
B77,CC_Base_R_Forearm,74,0.999970018863678,-0.0064202360808849335,0.0043961224146187305,0,0.0007862832280807197,0.6452300548553467,0.7634429335594177,0,-0.007745059207081795,-0.7634163498878479,0.6452152729034424,0,0.0001849999971454963,21.906322479248047,-0.0000940000027185306,1
B78,CC_Base_R_ForearmTwist01,77,0.9999589920043945,0,-0.009002000093460083,0,0,1,0,0,0.009002000093460083,0,0.9999600052833557,0,0.000006000000212225132,-0.000018999999156221747,-9.999999974752427e-7,1
B79,CC_Base_R_ForearmTwist02,78,0.9998499751091003,0.000004999999873689376,0.017336999997496605,0,-0.000004999999873689376,1,-0.000009000000318337698,0,-0.017336999997496605,0.000009000000318337698,0.9998499751091003,0,0.00007599999662488699,10.756720542907715,0.0001630000042496249,1
B80,CC_Base_R_ElbowShareBone,77,0.9957060217857361,0.09162899851799011,-0.01321600005030632,0,-0.09201899915933609,0.9952170252799988,-0.03278699889779091,0,0.010147999972105026,0.033861998468637466,0.9993749856948853,0,0.000006000000212225132,-0.000018999999156221747,-9.999999974752427e-7,1
B81,CC_Base_R_Hand,77,0.9732637405395508,-0.013377072289586067,0.22873392701148987,0,0.028414973989129066,0.9975478649139404,-0.06289789080619812,0,-0.2272997945547104,0.06759556382894516,0.9713751077651978,0,0.00013000000035390258,21.51341438293457,0.00027099999715574086,1
B82,CC_Base_R_Mid1,81,0.6506301164627075,0.753804624080658,0.0900661051273346,0,-0.7591119408607483,0.644555926322937,0.08915270864963531,0,0.009119085036218166,-0.1264326572418213,0.9919312596321106,0,0.15922799706459045,10.067015647888184,1.913627028465271,1
B83,CC_Base_R_Mid2,82,0.9005495309829712,0.4347391724586487,-0.0014877924695611,0,-0.4345729351043701,0.9000992774963379,-0.03094482421875,0,-0.012114344164729118,0.02851392887532711,0.9995197653770447,0,-0.000019999999494757503,4.095016002655029,9.999999974752427e-7,1
B84,CC_Base_R_Mid3,83,0.9718869924545288,-0.22549599409103394,0.06773299723863602,0,0.22839799523353577,0.9728019833564758,-0.038596998900175095,0,-0.0571880005300045,0.05298199877142906,0.996957004070282,0,0.000028000000384054147,2.568145990371704,0.0000019999999949504854,1
B85,CC_Base_R_Ring1,81,0.7856299877166748,0.6118894815444946,0.09096840023994446,0,-0.6185798048973083,0.7786043286323547,0.10503696650266647,0,-0.006557561457157135,-0.138800248503685,0.9902986288070679,0,-0.000024000000848900527,9.487497329711914,0,1
B86,CC_Base_R_Ring2,85,0.9229384660720825,0.3836801052093506,-0.031013714149594307,0,-0.38442185521125793,0.922864556312561,-0.02299543097615242,0,0.019797703251242638,0.03314611315727234,0.9992546439170837,0,-0.00005500000042957254,4.136253833770752,0.000003999999989900971,1
B87,CC_Base_R_Ring3,86,0.9467759728431702,-0.30785301327705383,0.09403499960899353,0,0.30932700634002686,0.9509549736976624,-0.0011579999700188637,0,-0.0890669971704483,0.030184000730514526,0.9955679774284363,0,-0.000003000000106112566,2.2282869815826416,0,1
B88,CC_Base_R_Thumb1,81,0.9698440432548523,0.2390919327735901,0.04711442068219185,0,-0.21362143754959106,0.7411050200462341,0.6364800333976746,0,0.11725475639104843,-0.6273645162582397,0.7698449492454529,0,-0.5735269784927368,2.9994399547576904,2.817732095718384,1
B89,CC_Base_R_Thumb2,88,0.956375777721405,0.2914891541004181,-0.01891724392771721,0,-0.24184738099575043,0.7538557052612305,-0.6108915209770203,0,-0.16381505131721497,0.5888261795043945,0.7914838790893555,0,-0.000007999999979801942,6.232687950134277,-0.000003999999989900971,1
B90,CC_Base_R_Thumb3,89,0.9892020225524902,0.13658399879932404,0.053144000470638275,0,-0.1465590000152588,0.9218760132789612,0.3586989939212799,0,0,-0.3626140058040619,0.9319400191307068,0,0.00002700000004551839,2.617371082305908,0,1
B91,CC_Base_R_Index1,81,0.5221060514450073,0.8446753025054932,0.11549817025661469,0,-0.851311445236206,0.5238041281700134,0.017578544095158577,0,-0.04567998647689819,-0.1075640469789505,0.993148148059845,0,0.03807099908590317,10.235011100769043,4.026186943054199,1
B92,CC_Base_R_Index2,91,0.8118388652801514,0.5814627408981323,-0.05294029787182808,0,-0.5832772254943848,0.8117533326148987,-0.028770415112376213,0,0.026244929060339928,0.054236140102148056,0.9981828927993774,0,-0.00002700000004551839,3.4297099113464355,9.999999974752427e-7,1
B93,CC_Base_R_Index3,92,0.9669079780578613,-0.2453089952468872,0.07009900361299515,0,0.24499399960041046,0.9694349765777588,0.013194000348448753,0,-0.07119300216436386,0.004416000097990036,0.997452974319458,0,-0.00003199999991920777,2.241370916366577,0.000003000000106112566,1
B94,CC_Base_R_Pinky1,81,0.8919905424118042,0.4479926824569702,0.05978074669837952,0,-0.45027899742126465,0.8922680616378784,0.032031282782554626,0,-0.03898791968822479,-0.0554969422519207,0.9976972937583923,0,0.03808800131082535,8.97046947479248,-1.7115999460220337,1
B95,CC_Base_R_Pinky2,94,0.910532534122467,0.41336554288864136,-0.007124267052859068,0,-0.4133785367012024,0.9100267887115479,-0.031021026894450188,0,-0.006340864114463329,0.03119022026658058,0.9994932413101196,0,-0.000043000000005122274,3.3039710521698,0.000003000000106112566,1
B96,CC_Base_R_Pinky3,95,0.9885789752006531,-0.14262400567531586,0.04868299886584282,0,0.14295099675655365,0.9897239804267883,-0.0032790000550448895,0,-0.04771500080823898,0.010200999677181244,0.9988089799880981,0,-0.000060999998822808266,2.0392680168151855,0.000003000000106112566,1
B97,CC_Base_R_RibsTwist,35,-1,-0.000015999999959603883,0.000009999999747378752,0,0.000012999999853491317,-0.18940700590610504,0.9818990230560303,0,-0.000012999999853491317,0.9818990230560303,0.18940700590610504,0,-8.30030345916748,5.603661060333252,7.489869117736816,1
B98,CC_Base_R_Breast,97,1,0,0,0,0,1,0,0,0,0,1,0,0.000014999999621068127,1.74384605884552,-0.00005999999848427251,1
B99,CC_Base_L_RibsTwist,35,-1,0.000014000000192027073,0.000012000000424450263,0,0.000009000000318337698,-0.18940700590610504,0.9818990230560303,0,0.000015999999959603883,0.9818990230560303,0.18940700590610504,0,8.307393074035645,5.597970008850098,7.493165016174316,1
B100,CC_Base_L_Breast,99,1,0,0,0,0,1,0,0,0,0,1,0,0.000014000000192027073,1.7438280582427979,0.000007999999979801942,1
@60,0,1,2,3,4,5,7,13,16,18,19,21,22,23,31,33,34,35,36,37,38,39,40,41,42,47,49,50,51,52,55,56,57,59,60,62,63,65,66,68,69,71,73,74,75,77,78,81,82,83,85,86,88,89,91,92,94,95,97,99
