1.033,30,30,101
B0,RL_BoneRoot,-1,0.9914100170135498,-0.03856975585222244,-0.12447931617498398,0,-0.122232586145401,0.05649705231189728,-0.9908861517906189,0,0.04526035487651825,0.997597336769104,0.0513300858438015,0,-2.7305984497070312,-5.149152755737305,-3.213881254196167,1
B1,CC_Base_Hip,0,1,-0.000009000000318337698,-0.0000019999999949504854,0,0.000003000000106112566,0.12248300015926361,0.9924709796905518,0,-0.000007999999979801942,-0.9924709796905518,0.12248300015926361,0,0,0.00003400000059627928,85.62088012695312,1
B2,CC_Base_Pelvis,1,1,0,0,0,0,0.9565039873123169,0.291720986366272,0,0,-0.291720986366272,0.9565039873123169,0,0,-0.000003000000106112566,-9.999999974752427e-7,1
B3,CC_Base_L_Thigh,2,-0.9667277336120605,-0.14768864214420319,0.2087959498167038,0,0.21421276032924652,-0.9105885028839111,0.3479709029197693,0,0.1384158879518509,0.38107746839523315,0.9120265245437622,0,6.284613132476807,-10.354743003845215,1.312103033065796,1
B4,CC_Base_L_Calf,3,0.9849340319633484,-0.14651799201965332,-0.08304151892662048,0,0.011632696725428104,0.5386565923690796,-0.8399943113327026,0,0.16872745752334595,0.8266927599906921,0.5318410396575928,0,0.0009079999872483313,24.914146423339844,-0.000547999981790781,1
B5,CC_Base_L_Foot,4,0.9831924438476562,0.17173506319522858,0.04181583598256111,0,-0.17092089354991913,0.8339178562164307,0.5156247615814209,0,0.05087986961007118,-0.5141523480415344,0.8503950238227844,0,-0.000910000002477318,38.69089889526367,-0.00558699993416667,1
B6,CC_Base_L_ToeBaseShareBone,5,0.9979259967803955,-0.0297279991209507,-0.057089999318122864,0,0.04771000146865845,0.937004029750824,0.34604400396347046,0,0.043205998837947845,-0.34804999828338623,0.9364799857139587,0,-0.000029000000722589903,12.731525421142578,-0.006018000189214945,1
B7,CC_Base_L_ToeBase,5,0.9973389506340027,-0.07088231295347214,-0.010165156796574593,0,0.06651362776756287,0.8575580716133118,0.5087718963623047,0,-0.0270428117364645,-0.5080735087394714,0.8600965738296509,0,-0.0004900000058114529,12.73151683807373,-0.005876999814063311,1
B8,CC_Base_L_PinkyToe1,7,0.9945930242538452,-0.08771999925374985,-0.055587999522686005,0,0.052025001496076584,0.8841249942779541,-0.4643459916114807,0,0.08987899869680405,0.4589430093765259,0.8839079737663269,0,-2.372741937637329,0.2734839916229248,-0.4368090033531189,1
B9,CC_Base_L_RingToe1,7,0.9936699867248535,-0.0566370002925396,-0.0970190018415451,0,-0.005030999891459942,0.8403149843215942,-0.542074978351593,0,0.11222799867391586,0.5391319990158081,0.8347110152244568,0,-1.212162971496582,1.1116570234298706,-0.09113100171089172,1
B10,CC_Base_L_MidToe1,7,0.996379017829895,-0.01787099987268448,-0.08312900364398956,0,-0.019054999575018883,0.9058679938316345,-0.42313000559806824,0,0.08286599814891815,0.42318201065063477,0.9022470116615295,0,-0.000029000000722589903,1.901900053024292,0.000037999998312443495,1
B11,CC_Base_L_IndexToe1,7,0.9948530197143555,0.0004239999980200082,-0.10133399814367294,0,-0.04594000056385994,0.8932170271873474,-0.44727298617362976,0,0.09032399952411652,0.44962599873542786,0.8886380195617676,0,1.3655060529708862,1.9921809434890747,0.24882900714874268,1
B12,CC_Base_L_BigToe1,7,0.9996389746665955,0.024393999949097633,-0.011326000094413757,0,-0.025684000924229622,0.990788996219635,-0.13296100497245789,0,0.007977999746799469,0.13320399820804596,0.9910569787025452,0,3.1637520790100098,1.7822190523147583,0.01525299996137619,1
B13,CC_Base_L_CalfTwist01,4,1,0,0.0000019999999949504854,0,0,1,0.0000019999999949504854,0,-0.0000019999999949504854,-0.0000019999999949504854,1,0,0.000003000000106112566,-0.000011000000085914508,9.999999974752427e-7,1
B14,CC_Base_L_CalfTwist02,13,1,9.999999974752427e-7,-0.0010260000126436353,0,-9.999999974752427e-7,1,-0.000007000000096013537,0,0.0010260000126436353,0.000007000000096013537,1,0,-0.0004959999932907522,19.345460891723633,-0.002841999987140298,1
B15,CC_Base_L_KneeShareBone,4,0.9978640079498291,0.06523600220680237,0.003467000089585781,0,-0.06528200209140778,0.997747004032135,0.015500999987125397,0,-0.0024480000138282776,-0.01569399982690811,0.9998739957809448,0,0.000003000000106112566,-0.000011000000085914508,9.999999974752427e-7,1
B16,CC_Base_L_ThighTwist01,3,1,-0.00012700000661425292,-0.0000019999999949504854,0,0.00012700000661425292,1,-0.00001700000029813964,0,0.0000019999999949504854,0.00001700000029813964,1,0,0.000004999999873689376,0.000014000000192027073,0,1
B17,CC_Base_L_ThighTwist02,16,1,0.00010900000052060932,0.000007999999979801942,0,-0.00010900000052060932,1,-0.000012999999853491317,0,-0.000007999999979801942,0.000012999999853491317,1,0,-0.0011239999439567327,12.457856178283691,-0.0001320000010309741,1
B18,CC_Base_R_Thigh,2,-0.9902377724647522,-0.017471786588430405,-0.13730007410049438,0,-0.09394695609807968,-0.6421422362327576,0.7604131102561951,0,-0.10120055079460144,0.7659811973571777,0.634491503238678,0,-6.284591197967529,-10.354735374450684,1.3122049570083618,1
B19,CC_Base_R_ThighTwist01,18,1,0.00001700000029813964,0.000004999999873689376,0,-0.00001700000029813964,1,-0.000029999999242136255,0,-0.000004999999873689376,0.000029999999242136255,1,0,-0.000003999999989900971,0.000058000001445179805,0.000003000000106112566,1
B20,CC_Base_R_ThighTwist02,19,1,-9.999999974752427e-7,-0.000011000000085914508,0,9.999999974752427e-7,1,-9.999999974752427e-7,0,0.000011000000085914508,9.999999974752427e-7,1,0,-0.0002570000069681555,12.673284530639648,0.00002700000004551839,1
B21,CC_Base_R_Calf,18,0.9887797236442566,0.14622920751571655,-0.03047015890479088,0,-0.13863953948020935,0.8230014443397522,-0.5502433180809021,0,-0.055419836193323135,0.5482879877090454,0.8340442776679993,0,-0.0009379999828524888,25.348526000976562,-0.000893999997060746,1
B22,CC_Base_R_Foot,21,0.9890755414962769,-0.09601334482431412,-0.1113433837890625,0,0.1466362327337265,0.6244844794273376,0.7662565112113953,0,-0.004326510243117809,-0.7742019891738892,0.6318603754043579,0,0.0008750000270083547,38.272613525390625,-0.0059899999760091305,1
B23,CC_Base_R_ToeBase,22,0.9988587498664856,0.029131591320037842,0.03783847391605377,0,-0.04223889857530594,0.9078589081764221,0.41628527641296387,0,-0.022237025201320648,-0.41740864515304565,0.9080533385276794,0,0.000052999999752501026,13.070562362670898,0.000004999999873689376,1
B24,CC_Base_R_PinkyToe1,23,0.9951030015945435,0.08548899739980698,0.049616001546382904,0,-0.05284399911761284,0.8843280076980591,-0.4638659954071045,0,-0.08353299647569656,0.4589720070362091,0.8845149874687195,0,2.435115098953247,0.2806580066680908,-0.44835400581359863,1
B25,CC_Base_R_BigToe1,23,0.9996309876441956,-0.026633000001311302,0.005303000099956989,0,0.027101999148726463,0.9907580018043518,-0.1329060047864914,0,-0.0017140000127255917,0.13300000131130219,0.9911140203475952,0,-3.246933937072754,1.829064965248108,0.015633000060915947,1
B26,CC_Base_R_IndexToe1,23,0.9954410195350647,-0.0026700000744313,0.09534300118684769,0,0.045244000852108,0.8932070136070251,-0.4473640024662018,0,-0.08396700024604797,0.4496380090713501,0.8892560005187988,0,-1.4014309644699097,2.044512987136841,0.2553099989891052,1
B27,CC_Base_R_MidToe1,23,0.9968960285186768,0.015598000027239323,0.07716900110244751,0,0.0186110008507967,0.9057130217552185,-0.4234830141067505,0,-0.07649900019168854,0.4236049950122833,0.9026110172271729,0,0.000009000000318337698,1.951854944229126,-0.000048000001697801054,1
B28,CC_Base_R_RingToe1,23,0.9943600296974182,0.05439800024032593,0.09104400128126144,0,0.0036410000175237656,0.8404250144958496,-0.5419149994850159,0,-0.10599499940872192,0.5391899943351746,0.8354880213737488,0,1.244014024734497,1.1408449411392212,-0.09359999746084213,1
B29,CC_Base_R_ToeBaseShareBone,22,0.9979270100593567,0.029696999117732048,0.05709899961948395,0,-0.04770300164818764,0.9368529915809631,0.346453994512558,0,-0.04320399835705757,-0.34845998883247375,0.9363269805908203,0,-0.00010599999950500205,13.070576667785645,0.0001610000035725534,1
B30,CC_Base_R_KneeShareBone,21,0.9975789785385132,-0.06950599700212479,-0.002128999913111329,0,0.06948400288820267,0.9975389838218689,-0.009349999949336052,0,0.0027729999274015427,0.009180000051856041,0.9999539852142334,0,-0.000007000000096013537,-0.00002300000051036477,0.0000019999999949504854,1
B31,CC_Base_R_CalfTwist01,21,1,-0.000024000000848900527,0.00002099999983329326,0,0.000024000000848900527,1,-0.00014000000373926014,0,-0.00002099999983329326,0.00014000000373926014,1,0,-0.000007000000096013537,-0.00002300000051036477,0.0000019999999949504854,1
B32,CC_Base_R_CalfTwist02,31,1,0.00002300000051036477,0.0009430000209249556,0,-0.00002300000051036477,1,0.0001340000017080456,0,-0.0009430000209249556,-0.0001340000017080456,1,0,0.000014000000192027073,19.13633918762207,-0.00009000000136438757,1
B33,CC_Base_Waist,1,0.9995156526565552,0.02155976928770542,0.02192281000316143,0,-0.02185817062854767,0.9996590614318848,0.01343536376953125,0,-0.021623065695166588,-0.013907846063375473,0.9996694922447205,0,-0.000014000000192027073,9.233434677124023,1.800771951675415,1
B34,CC_Base_Spine01,33,0.9987004995346069,0.022160977125167847,0.04562777280807495,0,-0.02169659174978733,0.9997053742408752,-0.010522862896323204,0,-0.04584510251879692,0.00952999573200941,0.9988932013511658,0,-0.00002099999983329326,4.633234024047852,-0.0000940000027185306,1
B35,CC_Base_Spine02,34,0.9987004995346069,0.02216990850865841,0.04562823846936226,0,-0.010869325138628483,0.9720945358276367,-0.23431207239627838,0,-0.04954539239406586,0.23352546989917755,0.9710797071456909,0,0,11.583110809326172,0.0005460000247694552,1
B36,CC_Base_NeckTwist01,35,0.9999843835830688,-0.0043098097667098045,-0.003256552154198289,0,0.00500097218900919,0.5108934044837952,0.859627902507782,0,-0.002042351523414254,-0.8596317768096924,0.5109079480171204,0,-0.000003999999989900971,23.772464752197266,-0.0021879998967051506,1
B37,CC_Base_NeckTwist02,36,0.9999849200248718,-0.00499237235635519,0.0020505518186837435,0,0.004997972398996353,0.9999821186065674,-0.0027758441865444183,0,-0.0020383514929562807,0.0027865769807249308,0.9999933242797852,0,0,4.462110996246338,-0.000056000000768108293,1
B38,CC_Base_Head,37,0.9999849200248718,-0.004999905358999968,0.0019495518645271659,0,0.005318565294146538,0.9716607928276062,-0.23631370067596436,0,-0.0007142570684663951,0.23632103204727173,0.9716739058494568,0,-0.000003999999989900971,4.462123870849609,-0.0001500000071246177,1
B39,CC_Base_FacialBone,38,-0.000003000000106112566,0.829509973526001,-0.5584920048713684,0,-0.000029999999242136255,0.5584920048713684,0.829509973526001,0,1,0.000018999999156221747,0.00002300000051036477,0,0,-0.00006900000153109431,0.00002300000051036477,1
B40,CC_Base_JawRoot,39,0.002842711517587304,0.9999923706054688,0.002323780907317996,0,-0.9999825954437256,0.0028548443224281073,-0.005002722144126892,0,-0.005009322427213192,-0.0023105137515813112,0.9999839067459106,0,1.2180500030517578,2.166222095489502,0.00003400000059627928,1
B41,CC_Base_Tongue01,40,0.9945700168609619,0.10404489189386368,0.0018203301588073373,0,-0.10403422266244888,0.9945597648620605,-0.005080447066575289,0,-0.0023405137471854687,0.004862322472035885,0.9999843835830688,0,2.8398139476776123,0.8803309798240662,0.00016399999731220305,1
B42,CC_Base_Tongue02,41,0.9884252548217773,0.15170302987098694,0.0010052212746813893,0,-0.15169529616832733,0.9884121417999268,-0.005296371411532164,0,-0.0017985963495448232,0.005081513896584511,0.9999849200248718,0,0.9994080066680908,0.000003000000106112566,0,1
B43,CC_Base_Tongue03,42,1,0.00024300000222865492,0.0000019999999949504854,0,-0.00024300000222865492,1,-0.0000019999999949504854,0,-0.0000019999999949504854,0.0000019999999949504854,1,0,1.397405982017517,0.000037999998312443495,0,1
B44,CC_Base_Teeth02,40,1,-0.000004999999873689376,0.00019500000053085387,0,-0.000004999999873689376,-1,-0.00015999999595806003,0,0.00019500000053085387,0.00015999999595806003,-1,0,2.865143060684204,0.8370620012283325,0.0006130000110715628,1
B45,CC_Base_R_Eye,39,0,0,1,0,-0.000011000000085914508,-1,0,0,1,-0.000011000000085914508,0,0,6.357655048370361,6.724970817565918,-2.8744819164276123,1
B46,CC_Base_L_Eye,39,0,0,1,0,0.0000019999999949504854,-1,0,0,1,0.0000019999999949504854,0,0,6.357553005218506,6.724850177764893,2.875494956970215,1
B47,CC_Base_UpperJaw,39,-0.000009000000318337698,1,0.00010599999950500205,0,-1,-0.000009000000318337698,-0.000003000000106112566,0,-0.000003000000106112566,-0.00010599999950500205,1,0,2.456273078918457,5.795772075653076,0.00007899999764049426,1
B48,CC_Base_Teeth01,47,1,-0.000019999999494757503,-0.00006800000119255856,0,-0.000019999999494757503,-1,0.000022000000171829015,0,-0.00006800000119255856,-0.000022000000171829015,-1,0,0.029985999688506126,0.024896999821066856,0.0001849999971454963,1
B49,CC_Base_L_Clavicle,35,-0.5662816166877747,-0.7111594676971436,-0.41662392020225525,0,0.7080314755439758,-0.678490161895752,0.19577310979366302,0,-0.42190077900886536,-0.18411779403686523,0.8877407908439636,0,7.182423114776611,18.417041778564453,2.0190629959106445,1
B50,CC_Base_L_Upperarm,49,0.8969994187355042,-0.40588146448135376,0.1748483031988144,0,0.424109548330307,0.9017969965934753,-0.081733837723732,0,-0.12456735968589783,0.1474664956331253,0.9810585975646973,0,0.00013000000035390258,12.278055191040039,0.00022499999613501132,1
B51,CC_Base_L_Forearm,50,0.9535713791847229,-0.012073157355189323,-0.3003406524658203,0,0.23394371569156647,0.6551315188407898,0.7164551019668579,0,0.1890561878681183,-0.7537315487861633,0.6274810433387756,0,-0.00005500000042957254,22.026033401489258,0.00009300000237999484,1
B52,CC_Base_L_ForearmTwist01,51,0.9999390244483948,0,0.011076999828219414,0,0,1,-0.0000019999999949504854,0,-0.011076999828219414,0.0000019999999949504854,0.9999390244483948,0,0.000028000000384054147,-0.000018999999156221747,0,1
B53,CC_Base_L_ForearmTwist02,52,0.9998199939727783,-0.000004999999873689376,-0.018946999683976173,0,0.000004999999873689376,1,-0.000009000000318337698,0,0.018946999683976173,0.000009000000318337698,0.9998199939727783,0,-0.0000940000027185306,10.928650856018066,0.0003209999995306134,1
B54,CC_Base_L_ElbowShareBone,51,0.993698000907898,-0.11061199754476547,0.018177000805735588,0,0.11183899641036987,0.9892719984054565,-0.09398499876260757,0,-0.007586000021547079,0.09542600065469742,0.9954079985618591,0,0.000028000000384054147,-0.000018999999156221747,0,1
B55,CC_Base_L_Hand,51,0.9391703605651855,0.31204620003700256,-0.1434398591518402,0,-0.31023749709129333,0.9499998688697815,0.03538108617067337,0,0.147308811545372,0.01127326488494873,0.9890199303627014,0,-0.0002530000056140125,21.857276916503906,0.0005629999795928597,1
B56,CC_Base_L_Mid1,55,0.531403660774231,-0.8289670944213867,-0.17389488220214844,0,0.8363804221153259,0.48112764954566956,0.2623156011104584,0,-0.13377083837985992,-0.2848736047744751,0.9491798877716064,0,-0.02384299971163273,9.633231163024902,1.712651014328003,1
B57,CC_Base_L_Mid2,56,-0.07668574154376984,-0.9915391802787781,-0.10260692238807678,0,0.9901511073112488,-0.08766184002161026,0.10710121691226959,0,-0.11523699015378952,-0.09337716549634933,0.988937258720398,0,0.00005999999848427251,3.235901117324829,-0.000003000000106112566,1
B58,CC_Base_L_Mid3,57,0.9939619898796082,0.10932900011539459,-0.009282000362873077,0,-0.10938400030136108,0.9939829707145691,-0.005636999849230051,0,0.008609999902546406,0.006618000101298094,0.9999409914016724,0,0.000014000000192027073,2.8988869190216064,0.000003000000106112566,1
B59,CC_Base_L_Index1,55,0.7908016443252563,-0.5936721563339233,-0.148296058177948,0,0.6116634011268616,0.7599026560783386,0.2196030616760254,0,-0.017642224207520485,-0.26440444588661194,0.9642447829246521,0,0.11336100101470947,9.732462882995605,3.5423810482025146,1
B60,CC_Base_L_Index2,59,0.27008354663848877,-0.9612322449684143,-0.05147785320878029,0,0.9586190581321716,0.2637180685997009,0.10515084117650986,0,-0.08755238354206085,-0.07772596925497055,0.9931190609931946,0,0.000048999998398358,2.6663360595703125,0,1
B61,CC_Base_L_Index3,60,0.963483989238739,0.2665799856185913,-0.025187000632286072,0,-0.2665489912033081,0.9638100266456604,0.004647000227123499,0,0.02551399916410446,0.0022360000293701887,0.999671995639801,0,0.000011000000085914508,2.785736083984375,0.0000019999999949504854,1
B62,CC_Base_L_Ring1,55,0.4942399263381958,-0.8689595460891724,-0.021363703534007072,0,0.8481670022010803,0.476746141910553,0.23055626451969147,0,-0.19015660881996155,-0.13206833600997925,0.9728243947029114,0,0.00001700000029813964,9.481120109558105,0.0000019999999949504854,1
B63,CC_Base_L_Ring2,62,-0.12917834520339966,-0.9876641035079956,-0.08595491200685501,0,0.9889143705368042,-0.13449902832508087,0.05926079675555229,0,-0.07011805474758148,-0.07735277712345123,0.9945341944694519,0,0.00005700000110664405,3.2926180362701416,0.000003000000106112566,1
B64,CC_Base_L_Ring3,63,0.9953060150146484,0.09586600214242935,-0.013279999606311321,0,-0.09634099900722504,0.9944810271263123,-0.04154900088906288,0,0.00922400038689375,0.04263300076127052,0.9990479946136475,0,0.00004199999966658652,2.463927984237671,0.000003000000106112566,1
B65,CC_Base_L_Pinky1,55,0.3210583031177521,-0.9465076327323914,0.029472779482603073,0,0.9143281579017639,0.3179472088813782,0.2504894435405731,0,-0.2464693933725357,-0.05345382168889046,0.9676686525344849,0,0.11334399878978729,9.456694602966309,-1.8425569534301758,1
B66,CC_Base_L_Pinky2,65,0.028945349156856537,-0.9932532906532288,-0.11029215902090073,0,0.998963475227356,0.025657624006271362,0.031108736991882324,0,-0.028081875294446945,-0.1111169382929802,0.9934109449386597,0,0.000007000000096013537,2.580780029296875,0,1
B67,CC_Base_L_Pinky3,66,0.9916260242462158,0.12826499342918396,-0.015072000212967396,0,-0.12852899730205536,0.9915400147438049,-0.01813800074160099,0,0.01261799968779087,0.019922999665141106,0.9997220039367676,0,-0.000007000000096013537,1.8957819938659668,0.000003999999989900971,1
B68,CC_Base_L_Thumb1,55,0.8480375409126282,-0.34968501329421997,-0.39818647503852844,0,0.519756019115448,0.6954089999198914,0.49624601006507874,0,0.1033724695444107,-0.6277949810028076,0.7714845538139343,0,0.7388820052146912,3.780651092529297,3.3860459327697754,1
B69,CC_Base_L_Thumb2,68,0.9996809959411621,-0.02458599954843521,-0.005898999981582165,0,0.023631000891327858,0.9915189743041992,-0.12779399752616882,0,0.0089910002425313,0.12761400640010834,0.9917830228805542,0,0.000006000000212225132,7.693181037902832,0.00002300000051036477,1
B70,CC_Base_L_Thumb3,69,0.9429230093955994,0.2445790022611618,0.22600199282169342,0,-0.3330099880695343,0.692529022693634,0.6399279832839966,0,0,-0.6786640286445618,0.734449028968811,0,0.000035000000934815034,1.0738760232925415,0.000003999999989900971,1
B71,CC_Base_L_UpperarmTwist01,50,0.9993429780006409,-0.0000019999999949504854,0.03624600172042847,0,0.0000019999999949504854,1,0.0000019999999949504854,0,-0.03624600172042847,-0.0000019999999949504854,0.9993429780006409,0,0.00004999999873689376,-0.000003999999989900971,-9.999999974752427e-7,1
B72,CC_Base_L_UpperarmTwist02,71,0.9993429780006409,0.0000019999999949504854,-0.03624900057911873,0,-0.0000019999999949504854,1,-0.000003000000106112566,0,0.03624900057911873,0.000003000000106112566,0.9993429780006409,0,-0.00003199999991920777,11.0130033493042,-0.00007999999797903001,1
B73,CC_Base_R_Clavicle,35,-0.6417021155357361,0.7038083672523499,0.30468568205833435,0,-0.7402346730232239,-0.6722220182418823,-0.0063979304395616055,0,0.2003050595521927,-0.22960686683654785,0.9523747563362122,0,-7.182411193847656,18.417037963867188,2.0191240310668945,1
B74,CC_Base_R_Upperarm,73,0.7969149947166443,0.5534861087799072,-0.24088720977306366,0,-0.5736504793167114,0.5709562301635742,-0.5871658325195312,0,-0.18744969367980957,0.6060894727706909,0.772526204586029,0,-0.0001500000071246177,12.278057098388672,0.00021699999342672527,1
B75,CC_Base_R_UpperarmTwist01,74,0.9992480278015137,0,-0.03878699988126755,0,0,1,0,0,0.03878699988126755,0,0.9992470145225525,0,-0.0000470000013592653,-0.000003999999989900971,9.999999974752427e-7,1
B76,CC_Base_R_UpperarmTwist02,75,0.9992480278015137,-9.999999974752427e-7,0.038782998919487,0,9.999999974752427e-7,1,-0.000003000000106112566,0,-0.038782998919487,0.000003000000106112566,0.9992480278015137,0,-0.00004199999966658652,10.953129768371582,-0.000024000000848900527,1
B77,CC_Base_R_Forearm,74,0.9259864091873169,-0.014665627852082253,0.3769511878490448,0,-0.14693862199783325,0.9061095714569092,0.39654600620269775,0,-0.34734833240509033,-0.42252016067504883,0.8369867205619812,0,0.0001849999971454963,21.906322479248047,-0.0000940000027185306,1
B78,CC_Base_R_ForearmTwist01,77,0.9999589920043945,0,-0.009002000093460083,0,0,1,0,0,0.009002000093460083,0,0.9999600052833557,0,0.000006000000212225132,-0.000018999999156221747,-9.999999974752427e-7,1
B79,CC_Base_R_ForearmTwist02,78,0.9998499751091003,0.000004999999873689376,0.017336999997496605,0,-0.000004999999873689376,1,-0.000009000000318337698,0,-0.017336999997496605,0.000009000000318337698,0.9998499751091003,0,0.00007599999662488699,10.756720542907715,0.0001630000042496249,1
B80,CC_Base_R_ElbowShareBone,77,0.9957060217857361,0.09162899851799011,-0.01321600005030632,0,-0.09201899915933609,0.9952170252799988,-0.03278699889779091,0,0.010147999972105026,0.033861998468637466,0.9993749856948853,0,0.000006000000212225132,-0.000018999999156221747,-9.999999974752427e-7,1
B81,CC_Base_R_Hand,77,0.9752436876296997,0.0603475347161293,0.210297629237175,0,0.0025104365777224302,0.9574956893920898,-0.2877978980541229,0,-0.21894684433937073,0.281691312789917,0.9337166547775269,0,0.00013000000035390258,21.51341438293457,0.00027099999715574086,1
B82,CC_Base_R_Mid1,81,0.709693968296051,0.700829029083252,0.07122496515512466,0,-0.7000246644020081,0.6903316378593445,0.18250305950641632,0,0.07874283939599991,-0.17939592897891998,0.9806206226348877,0,0.15922799706459045,10.067015647888184,1.913627028465271,1
B83,CC_Base_R_Mid2,82,0.3575950562953949,0.9337680339813232,0.0029766596853733063,0,-0.9276517629623413,0.3548855483531952,0.11541993916034698,0,0.10674354434013367,-0.044022902846336365,0.9933107495307922,0,-0.000019999999494757503,4.095016002655029,9.999999974752427e-7,1
B84,CC_Base_R_Mid3,83,0.9718869924545288,-0.22549599409103394,0.06773299723863602,0,0.22839799523353577,0.9728019833564758,-0.038596998900175095,0,-0.0571880005300045,0.05298199877142906,0.996957004070282,0,0.000028000000384054147,2.568145990371704,0.0000019999999949504854,1
B85,CC_Base_R_Ring1,81,0.7281514406204224,0.6697783470153809,0.14520487189292908,0,-0.6843641996383667,0.6993223428726196,0.2061203420162201,0,0.03651709482073784,-0.2494792342185974,0.9676910042762756,0,-0.000024000000848900527,9.487497329711914,0,1
B86,CC_Base_R_Ring2,85,0.24243202805519104,0.9661603569984436,0.08685947209596634,0,-0.9677779674530029,0.23475708067417145,0.089882031083107,0,0.0664692148566246,-0.105858713388443,0.9921569228172302,0,-0.00005500000042957254,4.136253833770752,0.000003999999989900971,1
B87,CC_Base_R_Ring3,86,0.9467759728431702,-0.30785301327705383,0.09403499960899353,0,0.30932700634002686,0.9509549736976624,-0.0011579999700188637,0,-0.0890669971704483,0.030184000730514526,0.9955679774284363,0,-0.000003000000106112566,2.2282869815826416,0,1
B88,CC_Base_R_Thumb1,81,0.8025363087654114,0.574406623840332,-0.16079533100128174,0,-0.3717120885848999,0.6924386620521545,0.6182042956352234,0,0.46655410528182983,-0.43634358048439026,0.7693272233009338,0,-0.5735269784927368,2.9994399547576904,2.817732095718384,1
B89,CC_Base_R_Thumb2,88,0.9261650443077087,0.19268880784511566,0.3240172863006592,0,-0.057270348072052,0.9213827252388,-0.3843815326690674,0,-0.37261858582496643,0.33745747804641724,0.8643818497657776,0,-0.000007999999979801942,6.232687950134277,-0.000003999999989900971,1
B90,CC_Base_R_Thumb3,89,0.9892020225524902,0.13658399879932404,0.053144000470638275,0,-0.1465590000152588,0.9218760132789612,0.3586989939212799,0,0,-0.3626140058040619,0.9319400191307068,0,0.00002700000004551839,2.617371082305908,0,1
B91,CC_Base_R_Index1,81,0.8056846857070923,0.584973156452179,0.09245246648788452,0,-0.5919904112815857,0.7910003066062927,0.1540604680776596,0,0.0169915072619915,-0.1788749098777771,0.9837250709533691,0,0.03807099908590317,10.235011100769043,4.026186943054199,1
B92,CC_Base_R_Index2,91,0.447804719209671,0.8931493759155273,-0.04016677290201187,0,-0.8868685960769653,0.4494416415691376,0.10640936344861984,0,0.1131124198436737,-0.012017116881906986,0.9935088157653809,0,-0.00002700000004551839,3.4297099113464355,9.999999974752427e-7,1
B93,CC_Base_R_Index3,92,0.9669079780578613,-0.2453089952468872,0.07009900361299515,0,0.24499399960041046,0.9694349765777588,0.013194000348448753,0,-0.07119300216436386,0.004416000097990036,0.997452974319458,0,-0.00003199999991920777,2.241370916366577,0.000003000000106112566,1
B94,CC_Base_R_Pinky1,81,0.7730514407157898,0.6159651875495911,0.151377335190773,0,-0.6328173875808716,0.7326959371566772,0.250270813703537,0,0.04324497655034065,-0.2892857491970062,0.9562656283378601,0,0.03808800131082535,8.97046947479248,-1.7115999460220337,1
B95,CC_Base_R_Pinky2,94,0.13015511631965637,0.9755396246910095,0.1768147349357605,0,-0.9899030923843384,0.11796604841947556,0.07782337814569473,0,0.055070918053388596,-0.18517149984836578,0.9811614751815796,0,-0.000043000000005122274,3.3039710521698,0.000003000000106112566,1
B96,CC_Base_R_Pinky3,95,0.9885789752006531,-0.14262400567531586,0.04868299886584282,0,0.14295099675655365,0.9897239804267883,-0.0032790000550448895,0,-0.04771500080823898,0.010200999677181244,0.9988089799880981,0,-0.000060999998822808266,2.0392680168151855,0.000003000000106112566,1
B97,CC_Base_R_RibsTwist,35,-1,-0.000015999999959603883,0.000009999999747378752,0,0.000012999999853491317,-0.18940700590610504,0.9818990230560303,0,-0.000012999999853491317,0.9818990230560303,0.18940700590610504,0,-8.30030345916748,5.603661060333252,7.489869117736816,1
B98,CC_Base_R_Breast,97,1,0,0,0,0,1,0,0,0,0,1,0,0.000014999999621068127,1.74384605884552,-0.00005999999848427251,1
B99,CC_Base_L_RibsTwist,35,-1,0.000014000000192027073,0.000012000000424450263,0,0.000009000000318337698,-0.18940700590610504,0.9818990230560303,0,0.000015999999959603883,0.9818990230560303,0.18940700590610504,0,8.307393074035645,5.597970008850098,7.493165016174316,1
B100,CC_Base_L_Breast,99,1,0,0,0,0,1,0,0,0,0,1,0,0.000014000000192027073,1.7438280582427979,0.000007999999979801942,1
@60,0,1,2,3,4,5,7,13,16,18,19,21,22,23,31,33,34,35,36,37,38,39,40,41,42,47,49,50,51,52,55,56,57,59,60,62,63,65,66,68,69,71,73,74,75,77,78,81,82,83,85,86,88,89,91,92,94,95,97,99
