0.800,30,24,101
B0,RL_BoneRoot,-1,0.8759375810623169,0.03679054602980614,-0.481004923582077,0,-0.4807816743850708,-0.015486108139157295,-0.876697301864624,0,-0.03971109911799431,0.9991940259933472,0.004120920784771442,0,7.16049861907959,-2.3828446865081787,0.45309212803840637,1
B1,CC_Base_Hip,0,1,-0.000009000000318337698,-0.0000019999999949504854,0,0.000003000000106112566,0.12248300015926361,0.9924709796905518,0,-0.000007999999979801942,-0.9924709796905518,0.12248300015926361,0,0,0.00003400000059627928,85.62088012695312,1
B2,CC_Base_Pelvis,1,1,0,0,0,0,0.9565039873123169,0.291720986366272,0,0,-0.291720986366272,0.9565039873123169,0,0,-0.000003000000106112566,-9.999999974752427e-7,1
B3,CC_Base_L_Thigh,2,-0.991496205329895,-0.09852875769138336,0.0833614245057106,0,0.12114249914884567,-0.9332699179649353,0.3377136290073395,0,0.044485874474048615,0.3450641632080078,0.9375170469284058,0,6.284613132476807,-10.354743003845215,1.312103033065796,1
B4,CC_Base_L_Calf,3,0.9804167151451111,-0.12832972407341003,-0.14923302829265594,0,0.030688975006341934,0.8479912877082825,-0.5282527208328247,0,0.19417759776115417,0.5133508443832397,0.8353860378265381,0,0.0009079999872483313,24.914146423339844,-0.000547999981790781,1
B5,CC_Base_L_Foot,4,0.9996035695075989,-0.0028531095013022423,-0.001307927304878831,0,0.002268200507387519,0.31141141057014465,0.9496514797210693,0,-0.0017321596387773752,-0.9499277472496033,0.31169208884239197,0,-0.000910000002477318,38.69089889526367,-0.00558699993416667,1
B6,CC_Base_L_ToeBaseShareBone,5,0.9979259967803955,-0.0297279991209507,-0.057089999318122864,0,0.04771000146865845,0.937004029750824,0.34604400396347046,0,0.043205998837947845,-0.34804999828338623,0.9364799857139587,0,-0.000029000000722589903,12.731525421142578,-0.006018000189214945,1
B7,CC_Base_L_ToeBase,5,0.9981318116188049,-0.0308983251452446,-0.05269177258014679,0,0.05268009752035141,0.8681639432907104,0.490326464176178,0,0.030609309673309326,-0.49218660593032837,0.8681687116622925,0,-0.0004900000058114529,12.73151683807373,-0.005876999814063311,1
B8,CC_Base_L_PinkyToe1,7,0.9945930242538452,-0.08771999925374985,-0.055587999522686005,0,0.052025001496076584,0.8841249942779541,-0.4643459916114807,0,0.08987899869680405,0.4589430093765259,0.8839079737663269,0,-2.372741937637329,0.2734839916229248,-0.4368090033531189,1
B9,CC_Base_L_RingToe1,7,0.9936699867248535,-0.0566370002925396,-0.0970190018415451,0,-0.005030999891459942,0.8403149843215942,-0.542074978351593,0,0.11222799867391586,0.5391319990158081,0.8347110152244568,0,-1.212162971496582,1.1116570234298706,-0.09113100171089172,1
B10,CC_Base_L_MidToe1,7,0.996379017829895,-0.01787099987268448,-0.08312900364398956,0,-0.019054999575018883,0.9058679938316345,-0.42313000559806824,0,0.08286599814891815,0.42318201065063477,0.9022470116615295,0,-0.000029000000722589903,1.901900053024292,0.000037999998312443495,1
B11,CC_Base_L_IndexToe1,7,0.9948530197143555,0.0004239999980200082,-0.10133399814367294,0,-0.04594000056385994,0.8932170271873474,-0.44727298617362976,0,0.09032399952411652,0.44962599873542786,0.8886380195617676,0,1.3655060529708862,1.9921809434890747,0.24882900714874268,1
B12,CC_Base_L_BigToe1,7,0.9996389746665955,0.024393999949097633,-0.011326000094413757,0,-0.025684000924229622,0.990788996219635,-0.13296100497245789,0,0.007977999746799469,0.13320399820804596,0.9910569787025452,0,3.1637520790100098,1.7822190523147583,0.01525299996137619,1
B13,CC_Base_L_CalfTwist01,4,1,0,0.0000019999999949504854,0,0,1,0.0000019999999949504854,0,-0.0000019999999949504854,-0.0000019999999949504854,1,0,0.000003000000106112566,-0.000011000000085914508,9.999999974752427e-7,1
B14,CC_Base_L_CalfTwist02,13,1,9.999999974752427e-7,-0.0010260000126436353,0,-9.999999974752427e-7,1,-0.000007000000096013537,0,0.0010260000126436353,0.000007000000096013537,1,0,-0.0004959999932907522,19.345460891723633,-0.002841999987140298,1
B15,CC_Base_L_KneeShareBone,4,0.9978640079498291,0.06523600220680237,0.003467000089585781,0,-0.06528200209140778,0.997747004032135,0.015500999987125397,0,-0.0024480000138282776,-0.01569399982690811,0.9998739957809448,0,0.000003000000106112566,-0.000011000000085914508,9.999999974752427e-7,1
B16,CC_Base_L_ThighTwist01,3,1,-0.00012700000661425292,-0.0000019999999949504854,0,0.00012700000661425292,1,-0.00001700000029813964,0,0.0000019999999949504854,0.00001700000029813964,1,0,0.000004999999873689376,0.000014000000192027073,0,1
B17,CC_Base_L_ThighTwist02,16,1,0.00010900000052060932,0.000007999999979801942,0,-0.00010900000052060932,1,-0.000012999999853491317,0,-0.000007999999979801942,0.000012999999853491317,1,0,-0.0011239999439567327,12.457856178283691,-0.0001320000010309741,1
B18,CC_Base_R_Thigh,2,-0.9289193749427795,0.16124311089515686,-0.3330096900463104,0,-0.3126141428947449,-0.8228639364242554,0.47408604621887207,0,-0.19774381816387177,0.5446744561195374,0.8147680759429932,0,-6.284591197967529,-10.354735374450684,1.3122049570083618,1
B19,CC_Base_R_ThighTwist01,18,1,0.00001700000029813964,0.000004999999873689376,0,-0.00001700000029813964,1,-0.000029999999242136255,0,-0.000004999999873689376,0.000029999999242136255,1,0,-0.000003999999989900971,0.000058000001445179805,0.000003000000106112566,1
B20,CC_Base_R_ThighTwist02,19,1,-9.999999974752427e-7,-0.000011000000085914508,0,9.999999974752427e-7,1,-9.999999974752427e-7,0,0.000011000000085914508,9.999999974752427e-7,1,0,-0.0002570000069681555,12.673284530639648,0.00002700000004551839,1
B21,CC_Base_R_Calf,18,0.9916408061981201,0.10445727407932281,-0.0749661847949028,0,-0.12152453511953354,0.9523798823356628,-0.2729259729385376,0,0.04322575777769089,0.27974942326545715,0.9571312069892883,0,-0.0009379999828524888,25.348526000976562,-0.000893999997060746,1
B22,CC_Base_R_Foot,21,0.9917963147163391,0.03594176098704338,-0.1226428970694542,0,0.06444568186998367,0.6879404187202454,0.7223934531211853,0,0.11039479076862335,-0.7243694067001343,0.6799790263175964,0,0.0008750000270083547,38.272613525390625,-0.0059899999760091305,1
B23,CC_Base_R_ToeBase,22,0.9979493618011475,0.029842952266335487,0.05662405118346214,0,-0.04774788022041321,0.9362429976463318,0.348091185092926,0,-0.04262583702802658,-0.35008057951927185,0.9357479810714722,0,0.000052999999752501026,13.070562362670898,0.000004999999873689376,1
B24,CC_Base_R_PinkyToe1,23,0.9951030015945435,0.08548899739980698,0.049616001546382904,0,-0.05284399911761284,0.8843280076980591,-0.4638659954071045,0,-0.08353299647569656,0.4589720070362091,0.8845149874687195,0,2.435115098953247,0.2806580066680908,-0.44835400581359863,1
B25,CC_Base_R_BigToe1,23,0.9996309876441956,-0.026633000001311302,0.005303000099956989,0,0.027101999148726463,0.9907580018043518,-0.1329060047864914,0,-0.0017140000127255917,0.13300000131130219,0.9911140203475952,0,-3.246933937072754,1.829064965248108,0.015633000060915947,1
B26,CC_Base_R_IndexToe1,23,0.9954410195350647,-0.0026700000744313,0.09534300118684769,0,0.045244000852108,0.8932070136070251,-0.4473640024662018,0,-0.08396700024604797,0.4496380090713501,0.8892560005187988,0,-1.4014309644699097,2.044512987136841,0.2553099989891052,1
B27,CC_Base_R_MidToe1,23,0.9968960285186768,0.015598000027239323,0.07716900110244751,0,0.0186110008507967,0.9057130217552185,-0.4234830141067505,0,-0.07649900019168854,0.4236049950122833,0.9026110172271729,0,0.000009000000318337698,1.951854944229126,-0.000048000001697801054,1
B28,CC_Base_R_RingToe1,23,0.9943600296974182,0.05439800024032593,0.09104400128126144,0,0.0036410000175237656,0.8404250144958496,-0.5419149994850159,0,-0.10599499940872192,0.5391899943351746,0.8354880213737488,0,1.244014024734497,1.1408449411392212,-0.09359999746084213,1
B29,CC_Base_R_ToeBaseShareBone,22,0.9979270100593567,0.029696999117732048,0.05709899961948395,0,-0.04770300164818764,0.9368529915809631,0.346453994512558,0,-0.04320399835705757,-0.34845998883247375,0.9363269805908203,0,-0.00010599999950500205,13.070576667785645,0.0001610000035725534,1
B30,CC_Base_R_KneeShareBone,21,0.9975789785385132,-0.06950599700212479,-0.002128999913111329,0,0.06948400288820267,0.9975389838218689,-0.009349999949336052,0,0.0027729999274015427,0.009180000051856041,0.9999539852142334,0,-0.000007000000096013537,-0.00002300000051036477,0.0000019999999949504854,1
B31,CC_Base_R_CalfTwist01,21,1,-0.000024000000848900527,0.00002099999983329326,0,0.000024000000848900527,1,-0.00014000000373926014,0,-0.00002099999983329326,0.00014000000373926014,1,0,-0.000007000000096013537,-0.00002300000051036477,0.0000019999999949504854,1
B32,CC_Base_R_CalfTwist02,31,1,0.00002300000051036477,0.0009430000209249556,0,-0.00002300000051036477,1,0.0001340000017080456,0,-0.0009430000209249556,-0.0001340000017080456,1,0,0.000014000000192027073,19.13633918762207,-0.00009000000136438757,1
B33,CC_Base_Waist,1,0.9982545375823975,-0.02711547538638115,-0.0524231493473053,0,0.029731014743447304,0.9983159899711609,0.049781471490859985,0,0.05098508670926094,-0.0512518510222435,0.9973832368850708,0,-0.000014000000192027073,9.233434677124023,1.800771951675415,1
B34,CC_Base_Spine01,33,0.9951227903366089,-0.031723540276288986,-0.09339141100645065,0,0.03908463194966316,0.9961791038513184,0.07808849215507507,0,0.09055773168802261,-0.08135936409235,0.9925615191459656,0,-0.00002099999983329326,4.633234024047852,-0.0000940000027185306,1
B35,CC_Base_Spine02,34,0.9951835870742798,-0.03216583654284477,-0.09258899092674255,0,0.018400322645902634,0.9891353249549866,-0.14584755897521973,0,0.09627485275268555,0.1434406340122223,0.9849637746810913,0,0,11.583110809326172,0.0005460000247694552,1
B36,CC_Base_NeckTwist01,35,0.9984531998634338,0.022980710491538048,-0.050630513578653336,0,0.032635726034641266,0.4950191378593445,0.8682689666748047,0,0.04501652717590332,-0.8685784339904785,0.49350330233573914,0,-0.000003999999989900971,23.772464752197266,-0.0021879998967051506,1
B37,CC_Base_NeckTwist02,36,0.9984531998634338,-0.03190796449780464,-0.04553811252117157,0,0.032634127885103226,0.999350368976593,0.015283755026757717,0,0.045021526515483856,-0.01674599200487137,0.9988453984260559,0,0,4.462110996246338,-0.000056000000768108293,1
B38,CC_Base_Head,37,0.9984481930732727,-0.03191456198692322,-0.04563911259174347,0,0.021197877824306488,0.9756093621253967,-0.2184874266386032,0,0.051498893648386,0.21718038618564606,0.9747722148895264,0,-0.000003999999989900971,4.462123870849609,-0.0001500000071246177,1
B39,CC_Base_FacialBone,38,-0.000003000000106112566,0.829509973526001,-0.5584920048713684,0,-0.000029999999242136255,0.5584920048713684,0.829509973526001,0,1,0.000018999999156221747,0.00002300000051036477,0,0,-0.00006900000153109431,0.00002300000051036477,1
B40,CC_Base_JawRoot,39,-0.0156409852206707,0.9983909726142883,0.05450122430920601,0,-0.9998071789741516,-0.016262972727417946,0.010988602414727211,0,0.011857167817652225,-0.05431903898715973,0.9984531998634338,0,1.2180500030517578,2.166222095489502,0.00003400000059627928,1
B41,CC_Base_Tongue01,40,0.9909334778785706,0.12239158153533936,0.055410176515579224,0,-0.12286696583032608,0.9924092888832092,0.0052457391284406185,0,-0.05434763804078102,-0.012006167322397232,0.9984501600265503,0,2.8398139476776123,0.8803309798240662,0.00016399999731220305,1
B42,CC_Base_Tongue02,41,0.9838628768920898,0.17008240520954132,0.05554749816656113,0,-0.1701599806547165,0.985410749912262,-0.003370946738868952,0,-0.05531078949570656,-0.006135501433163881,0.9984501600265503,0,0.9994080066680908,0.000003000000106112566,0,1
B43,CC_Base_Tongue03,42,1,0.00024300000222865492,0.0000019999999949504854,0,-0.00024300000222865492,1,-0.0000019999999949504854,0,-0.0000019999999949504854,0.0000019999999949504854,1,0,1.397405982017517,0.000037999998312443495,0,1
B44,CC_Base_Teeth02,40,1,-0.000004999999873689376,0.00019500000053085387,0,-0.000004999999873689376,-1,-0.00015999999595806003,0,0.00019500000053085387,0.00015999999595806003,-1,0,2.865143060684204,0.8370620012283325,0.0006130000110715628,1
B45,CC_Base_R_Eye,39,0,0,1,0,-0.000011000000085914508,-1,0,0,1,-0.000011000000085914508,0,0,6.357655048370361,6.724970817565918,-2.8744819164276123,1
B46,CC_Base_L_Eye,39,0,0,1,0,0.0000019999999949504854,-1,0,0,1,0.0000019999999949504854,0,0,6.357553005218506,6.724850177764893,2.875494956970215,1
B47,CC_Base_UpperJaw,39,-0.000009000000318337698,1,0.00010599999950500205,0,-1,-0.000009000000318337698,-0.000003000000106112566,0,-0.000003000000106112566,-0.00010599999950500205,1,0,2.456273078918457,5.795772075653076,0.00007899999764049426,1
B48,CC_Base_Teeth01,47,1,-0.000019999999494757503,-0.00006800000119255856,0,-0.000019999999494757503,-1,0.000022000000171829015,0,-0.00006800000119255856,-0.000022000000171829015,-1,0,0.029985999688506126,0.024896999821066856,0.0001849999971454963,1
B49,CC_Base_L_Clavicle,35,-0.5093075633049011,-0.794818103313446,-0.3299553096294403,0,0.8251402378082275,-0.559913694858551,0.07509975880384445,0,-0.2444366216659546,-0.23401077091693878,0.9410046339035034,0,7.182423114776611,18.417041778564453,2.0190629959106445,1
B50,CC_Base_L_Upperarm,49,0.8113920092582703,-0.5771700739860535,-0.09088411927223206,0,0.5727770328521729,0.8164799213409424,-0.0720864087343216,0,0.11591411381959915,0.006511627696454525,0.9931390881538391,0,0.00013000000035390258,12.278055191040039,0.00022499999613501132,1
B51,CC_Base_L_Forearm,50,0.9999679923057556,0.006850251462310553,-0.004045136738568544,0,-0.001126407994888723,0.6252514123916626,0.7804155349731445,0,0.007875211536884308,-0.7803865671157837,0.6252394318580627,0,-0.00005500000042957254,22.026033401489258,0.00009300000237999484,1
B52,CC_Base_L_ForearmTwist01,51,0.9999390244483948,0,0.011076999828219414,0,0,1,-0.0000019999999949504854,0,-0.011076999828219414,0.0000019999999949504854,0.9999390244483948,0,0.000028000000384054147,-0.000018999999156221747,0,1
B53,CC_Base_L_ForearmTwist02,52,0.9998199939727783,-0.000004999999873689376,-0.018946999683976173,0,0.000004999999873689376,1,-0.000009000000318337698,0,0.018946999683976173,0.000009000000318337698,0.9998199939727783,0,-0.0000940000027185306,10.928650856018066,0.0003209999995306134,1
B54,CC_Base_L_ElbowShareBone,51,0.993698000907898,-0.11061199754476547,0.018177000805735588,0,0.11183899641036987,0.9892719984054565,-0.09398499876260757,0,-0.007586000021547079,0.09542600065469742,0.9954079985618591,0,0.000028000000384054147,-0.000018999999156221747,0,1
B55,CC_Base_L_Hand,51,0.9129297733306885,-0.35242027044296265,-0.2055140733718872,0,0.23459476232528687,0.8655818700790405,-0.4423871636390686,0,0.3337787985801697,0.3556307852268219,0.8729245662689209,0,-0.0002530000056140125,21.857276916503906,0.0005629999795928597,1
B56,CC_Base_L_Mid1,55,0.8837950229644775,-0.4634999930858612,-0.0638279989361763,0,0.46776941418647766,0.8782200217247009,0.0996050015091896,0,0.0098879998549819,-0.1178869977593422,0.9929779767990112,0,-0.02384299971163273,9.633231163024902,1.712651014328003,1
B57,CC_Base_L_Mid2,56,0.9769840240478516,-0.21331000328063965,0.0010985985863953829,0,0.21326500177383423,0.9766430258750916,-0.026207000017166138,0,0.004517000168561935,0.02583800069987774,0.9996560215950012,0,0.00005999999848427251,3.235901117324829,-0.000003000000106112566,1
B58,CC_Base_L_Mid3,57,0.9939619898796082,0.10932900011539459,-0.009282000362873077,0,-0.10938400030136108,0.9939829707145691,-0.005636999849230051,0,0.008609999902546406,0.006618000101298094,0.9999409914016724,0,0.000014000000192027073,2.8988869190216064,0.000003000000106112566,1
B59,CC_Base_L_Index1,55,0.8835139870643616,-0.4626139998435974,-0.07342799752950668,0,0.4680429995059967,0.8780810236930847,0.0995509997010231,0,0.018422000110149384,-0.12232200056314468,0.9923189878463745,0,0.11336100101470947,9.732462882995605,3.5423810482025146,1
B60,CC_Base_L_Index2,59,0.9769970178604126,-0.21325400471687317,0.0005370000144466758,0,0.2132049947977066,0.9767100214958191,-0.024119000881910324,0,0.0046190000139176846,0.02367899939417839,0.9997090101242065,0,0.000048999998398358,2.6663360595703125,0,1
B61,CC_Base_L_Index3,60,0.963483989238739,0.2665799856185913,-0.025187000632286072,0,-0.2665489912033081,0.9638100266456604,0.004647000227123499,0,0.02551399916410446,0.0022360000293701887,0.999671995639801,0,0.000011000000085914508,2.785736083984375,0.0000019999999949504854,1
B62,CC_Base_L_Ring1,55,0.8836349844932556,-0.4634299874305725,-0.0664990022778511,0,0.46801599860191345,0.8780949711799622,0.09955299645662308,0,0.012257000431418419,-0.11909099668264389,0.9928079843521118,0,0.00001700000029813964,9.481120109558105,0.0000019999999949504854,1
B63,CC_Base_L_Ring2,62,0.9770309925079346,-0.21309040486812592,0.0016065986128523946,0,0.21306100487709045,0.9767029881477356,-0.02560659870505333,0,0.0038870000280439854,0.02536099962890148,0.9996709823608398,0,0.00005700000110664405,3.2926180362701416,0.000003000000106112566,1
B64,CC_Base_L_Ring3,63,0.9953060150146484,0.09586600214242935,-0.013279999606311321,0,-0.09634099900722504,0.9944810271263123,-0.04154900088906288,0,0.00922400038689375,0.04263300076127052,0.9990479946136475,0,0.00004199999966658652,2.463927984237671,0.000003000000106112566,1
B65,CC_Base_L_Pinky1,55,0.8877440094947815,-0.4556350111961365,-0.06562799960374832,0,0.4581544101238251,0.8883770108222961,0.02969059720635414,0,0.04477500170469284,-0.056425001472234726,0.997402012348175,0,0.11334399878978729,9.456694602966309,-1.8425569534301758,1
B66,CC_Base_L_Pinky2,65,0.9750999808311462,-0.22123399376869202,-0.015362000092864037,0,0.2217009961605072,0.9741489887237549,0.04338200017809868,0,0.005367000121623278,-0.04570800065994263,0.9989410042762756,0,0.000007000000096013537,2.580780029296875,0,1
B67,CC_Base_L_Pinky3,66,0.9916260242462158,0.12826499342918396,-0.015072000212967396,0,-0.12852899730205536,0.9915400147438049,-0.01813800074160099,0,0.01261799968779087,0.019922999665141106,0.9997220039367676,0,-0.000007000000096013537,1.8957819938659668,0.000003999999989900971,1
B68,CC_Base_L_Thumb1,55,0.7179870009422302,0.03178099915385246,-0.6953306198120117,0,0.37889400124549866,0.8201429843902588,0.428725004196167,0,0.5838950276374817,-0.5712760090827942,0.5768100023269653,0,0.7388820052146912,3.780651092529297,3.3860459327697754,1
B69,CC_Base_L_Thumb2,68,0.9835370182991028,-0.11192899942398071,0.14187400043010712,0,0.16586999595165253,0.8707320094108582,-0.4629400074481964,0,-0.07171700149774551,0.47885099053382874,0.8749619722366333,0,0.000006000000212225132,7.693181037902832,0.00002300000051036477,1
B70,CC_Base_L_Thumb3,69,0.9429230093955994,0.2445790022611618,0.22600199282169342,0,-0.3330099880695343,0.692529022693634,0.6399279832839966,0,0,-0.6786640286445618,0.734449028968811,0,0.000035000000934815034,1.0738760232925415,0.000003999999989900971,1
B71,CC_Base_L_UpperarmTwist01,50,0.9993429780006409,-0.0000019999999949504854,0.03624600172042847,0,0.0000019999999949504854,1,0.0000019999999949504854,0,-0.03624600172042847,-0.0000019999999949504854,0.9993429780006409,0,0.00004999999873689376,-0.000003999999989900971,-9.999999974752427e-7,1
B72,CC_Base_L_UpperarmTwist02,71,0.9993429780006409,0.0000019999999949504854,-0.03624900057911873,0,-0.0000019999999949504854,1,-0.000003000000106112566,0,0.03624900057911873,0.000003000000106112566,0.9993429780006409,0,-0.00003199999991920777,11.0130033493042,-0.00007999999797903001,1
B73,CC_Base_R_Clavicle,35,-0.510684609413147,0.8254454731941223,0.24050210416316986,0,-0.8584468960762024,-0.50504469871521,-0.08943578600883484,0,0.04763999208807945,-0.2521315813064575,0.9665194153785706,0,-7.182411193847656,18.417037963867188,2.0191240310668945,1
B74,CC_Base_R_Upperarm,73,0.7095658779144287,0.42689743638038635,0.5605945587158203,0,-0.5217175483703613,0.8530184626579285,0.01074023824185133,0,-0.4736174941062927,-0.3000936806201935,0.8279906511306763,0,-0.0001500000071246177,12.278057098388672,0.00021699999342672527,1
B75,CC_Base_R_UpperarmTwist01,74,0.9992480278015137,0,-0.03878699988126755,0,0,1,0,0,0.03878699988126755,0,0.9992470145225525,0,-0.0000470000013592653,-0.000003999999989900971,9.999999974752427e-7,1
B76,CC_Base_R_UpperarmTwist02,75,0.9992480278015137,-9.999999974752427e-7,0.038782998919487,0,9.999999974752427e-7,1,-0.000003000000106112566,0,-0.038782998919487,0.000003000000106112566,0.9992480278015137,0,-0.00004199999966658652,10.953129768371582,-0.000024000000848900527,1
B77,CC_Base_R_Forearm,74,0.999970018863678,-0.006410876754671335,0.004412708804011345,0,0.0007854080758988857,0.6471811532974243,0.7623177766799927,0,-0.007743210531771183,-0.762291431427002,0.6471667289733887,0,0.0001849999971454963,21.906322479248047,-0.0000940000027185306,1
B78,CC_Base_R_ForearmTwist01,77,0.9999589920043945,0,-0.009002000093460083,0,0,1,0,0,0.009002000093460083,0,0.9999600052833557,0,0.000006000000212225132,-0.000018999999156221747,-9.999999974752427e-7,1
B79,CC_Base_R_ForearmTwist02,78,0.9998499751091003,0.000004999999873689376,0.017336999997496605,0,-0.000004999999873689376,1,-0.000009000000318337698,0,-0.017336999997496605,0.000009000000318337698,0.9998499751091003,0,0.00007599999662488699,10.756720542907715,0.0001630000042496249,1
B80,CC_Base_R_ElbowShareBone,77,0.9957060217857361,0.09162899851799011,-0.01321600005030632,0,-0.09201899915933609,0.9952170252799988,-0.03278699889779091,0,0.010147999972105026,0.033861998468637466,0.9993749856948853,0,0.000006000000212225132,-0.000018999999156221747,-9.999999974752427e-7,1
B81,CC_Base_R_Hand,77,0.9718483686447144,-0.13222801685333252,-0.19475547969341278,0,0.10924670100212097,0.9861561059951782,-0.12439390271902084,0,0.2085293084383011,0.09965410083532333,0.9729207158088684,0,0.00013000000035390258,21.51341438293457,0.00027099999715574086,1
B82,CC_Base_R_Mid1,81,0.8895390033721924,0.4503209888935089,0.0770149976015091,0,-0.4565190076828003,0.8826599717140198,0.11181200295686722,0,-0.01762700080871582,-0.13461999595165253,0.9907400012016296,0,0.15922799706459045,10.067015647888184,1.913627028465271,1
B83,CC_Base_R_Mid2,82,0.976980984210968,0.21330399811267853,0.0030269999988377094,0,-0.2131740003824234,0.9767249822616577,-0.02377600036561489,0,-0.00802799966186285,0.022583402693271637,0.9997130036354065,0,-0.000019999999494757503,4.095016002655029,9.999999974752427e-7,1
B84,CC_Base_R_Mid3,83,0.9718869924545288,-0.22549599409103394,0.06773299723863602,0,0.22839799523353577,0.9728019833564758,-0.038596998900175095,0,-0.0571880005300045,0.05298199877142906,0.996957004070282,0,0.000028000000384054147,2.568145990371704,0.0000019999999949504854,1
B85,CC_Base_R_Ring1,81,0.8892930150032043,0.448743999004364,0.08823999762535095,0,-0.4564974009990692,0.8826709985733032,0.1118139997124672,0,-0.02771100029349327,-0.13971640169620514,0.9898040294647217,0,-0.000024000000848900527,9.487497329711914,0,1
B86,CC_Base_R_Ring2,85,0.9766700267791748,0.21281500160694122,-0.028725000098347664,0,-0.2134539932012558,0.9767199754714966,-0.021358000114560127,0,0.023510999977588654,0.026991000398993492,0.9993590116500854,0,-0.00005500000042957254,4.136253833770752,0.000003999999989900971,1
B87,CC_Base_R_Ring3,86,0.9467759728431702,-0.30785301327705383,0.09403499960899353,0,0.30932700634002686,0.9509549736976624,-0.0011579999700188637,0,-0.0890669971704483,0.030184000730514526,0.9955679774284363,0,-0.000003000000106112566,2.2282869815826416,0,1
B88,CC_Base_R_Thumb1,81,0.9007970094680786,0.43030160665512085,-0.05835859850049019,0,-0.3273009955883026,0.76111900806427,0.5599746108055115,0,0.28537601232528687,-0.4853219985961914,0.8264520168304443,0,-0.5735269784927368,2.9994399547576904,2.817732095718384,1
B89,CC_Base_R_Thumb2,88,0.9796609878540039,-0.1871373951435089,-0.07240840047597885,0,0.12898899614810944,0.863743007183075,-0.48714500665664673,0,0.1537054032087326,0.4678969979286194,0.8703140020370483,0,-0.000007999999979801942,6.232687950134277,-0.000003999999989900971,1
B90,CC_Base_R_Thumb3,89,0.9892020225524902,0.13658399879932404,0.053144000470638275,0,-0.1465590000152588,0.9218760132789612,0.3586989939212799,0,0,-0.3626140058040619,0.9319400191307068,0,0.00002700000004551839,2.617371082305908,0,1
B91,CC_Base_R_Index1,81,0.8889430165290833,0.4472790062427521,0.0985959991812706,0,-0.4565190076828003,0.8826599717140198,0.11181200295686722,0,-0.037014998495578766,-0.14440500736236572,0.9888259768486023,0,0.03807099908590317,10.235011100769043,4.026186943054199,1
B92,CC_Base_R_Index2,91,0.976065993309021,0.21260200440883636,-0.04576300084590912,0,-0.21364200115203857,0.9767249822616577,-0.019122999161481857,0,0.04063199833035469,0.02844199910759926,0.9987689852714539,0,-0.00002700000004551839,3.4297099113464355,9.999999974752427e-7,1
B93,CC_Base_R_Index3,92,0.9669079780578613,-0.2453089952468872,0.07009900361299515,0,0.24499399960041046,0.9694349765777588,0.013194000348448753,0,-0.07119300216436386,0.004416000097990036,0.997452974319458,0,-0.00003199999991920777,2.241370916366577,0.000003000000106112566,1
B94,CC_Base_R_Pinky1,81,0.8895999789237976,0.45083001255989075,0.07324440032243729,0,-0.4565190076828003,0.8826599717140198,0.11181200295686722,0,-0.014241999946534634,-0.1329050064086914,0.991025984287262,0,0.03808800131082535,8.97046947479248,-1.7115999460220337,1
B95,CC_Base_R_Pinky2,94,0.977042019367218,0.21302400529384613,-0.003060000017285347,0,-0.21303460001945496,0.97673499584198,-0.024586999788880348,0,-0.002248999895527959,0.024675000458955765,0.999692976474762,0,-0.000043000000005122274,3.3039710521698,0.000003000000106112566,1
B96,CC_Base_R_Pinky3,95,0.9885789752006531,-0.14262400567531586,0.04868299886584282,0,0.14295099675655365,0.9897239804267883,-0.0032790000550448895,0,-0.04771500080823898,0.010200999677181244,0.9988089799880981,0,-0.000060999998822808266,2.0392680168151855,0.000003000000106112566,1
B97,CC_Base_R_RibsTwist,35,-1,-0.000015999999959603883,0.000009999999747378752,0,0.000012999999853491317,-0.18940700590610504,0.9818990230560303,0,-0.000012999999853491317,0.9818990230560303,0.18940700590610504,0,-8.30030345916748,5.603661060333252,7.489869117736816,1
B98,CC_Base_R_Breast,97,1,0,0,0,0,1,0,0,0,0,1,0,0.000014999999621068127,1.74384605884552,-0.00005999999848427251,1
B99,CC_Base_L_RibsTwist,35,-1,0.000014000000192027073,0.000012000000424450263,0,0.000009000000318337698,-0.18940700590610504,0.9818990230560303,0,0.000015999999959603883,0.9818990230560303,0.18940700590610504,0,8.307393074035645,5.597970008850098,7.493165016174316,1
B100,CC_Base_L_Breast,99,1,0,0,0,0,1,0,0,0,0,1,0,0.000014000000192027073,1.7438280582427979,0.000007999999979801942,1
@60,0,1,2,3,4,5,7,13,16,18,19,21,22,23,31,33,34,35,36,37,38,39,40,41,42,47,49,50,51,52,55,56,57,59,60,62,63,65,66,68,69,71,73,74,75,77,78,81,82,83,85,86,88,89,91,92,94,95,97,99
